2 0.648482 0.345245 0.078630 0.441546
2 0.594346 0.269648 0.058797 0.255148
2 0.548331 0.270185 0.058797 0.255148
3 0.377005 0.778426 0.754010 0.443148
0 0.523292 0.668736 0.056458 0.106620
0 0.507570 0.624222 0.056464 0.106630
1 0.373906 0.382009 0.078615 0.111796
1 0.542773 0.254162 0.032026 0.174954
0 0.120042 0.869032 0.094292 0.124157
0 0.384406 0.793986 0.069833 0.100361
0 0.395187 0.588009 0.056458 0.083815
0 0.458656 0.574537 0.056458 0.106630
0 0.617625 0.511389 0.056458 0.106630
0 0.646740 0.567287 0.056458 0.106630
2 0.337539 0.385630 0.120547 0.504667
2 0.140135 0.543472 0.206708 0.842130
2 0.684005 0.350912 0.120542 0.552250
