2 0.743173 0.210583 0.074487 0.320861
2 0.899585 0.250153 0.054508 0.289630
2 0.610841 0.253125 0.046026 0.186250
2 0.584801 0.279493 0.031492 0.131356
2 0.455194 0.260660 0.049664 0.143218
2 0.399779 0.253111 0.047839 0.145352
2 0.023367 0.225120 0.030885 0.110898
2 0.100587 0.239655 0.033310 0.104440
2 0.199004 0.251498 0.021805 0.086134
2 0.182047 0.250421 0.021802 0.086139
2 0.142678 0.247192 0.022409 0.079681
0 0.638401 0.374245 0.089635 0.136741
0 0.556154 0.339787 0.044214 0.064602
0 0.725310 0.363477 0.053297 0.073213
1 0.706232 0.260113 0.032099 0.228264
