0 0.281695 0.229792 0.035344 0.058639
0 0.112652 0.677965 0.089523 0.125653
0 0.366809 0.311472 0.044180 0.064917
0 0.390070 0.349167 0.050656 0.064917
0 0.439258 0.299431 0.040641 0.070167
0 0.645406 0.509903 0.065375 0.097389
0 0.708727 0.385819 0.062437 0.075389
0 0.758203 0.370632 0.050656 0.080625
1 0.972457 0.780056 0.055086 0.099472
2 0.926363 0.253639 0.125461 0.507278
2 0.749953 0.257549 0.143719 0.447125
2 0.484902 0.371444 0.206148 0.742889
2 0.349137 0.065687 0.041820 0.131375
2 0.076719 0.246312 0.147250 0.492625
3 0.474598 0.502569 0.687367 0.438750
3 0.891766 0.260688 0.216469 0.164403
3 0.991305 0.169583 0.017391 0.045028
