0 0.517029 0.343134 0.051464 0.095213
3 0.493398 0.520593 0.605495 0.958815
2 0.481078 0.096130 0.117010 0.192259
2 0.170927 0.366347 0.117010 0.219528
2 0.570245 0.875736 0.117010 0.188157
2 0.397534 0.888389 0.130401 0.223222
0 0.306266 0.340639 0.051458 0.091426
0 0.214630 0.663944 0.051458 0.091426
0 0.380984 0.494773 0.051458 0.091435
0 0.361953 0.645148 0.051458 0.091426
0 0.456406 0.544898 0.051458 0.091426
0 0.468391 0.638884 0.051458 0.091435
0 0.498701 0.592519 0.051464 0.091426
0 0.485307 0.444009 0.051458 0.091426
