3 0.504701 0.455500 0.446429 0.178917
0 0.215574 0.312125 0.034590 0.044125
0 0.216581 0.292417 0.034590 0.044125
0 0.215925 0.279646 0.034590 0.044125
0 0.220492 0.254104 0.034590 0.044125
0 0.274660 0.268021 0.034590 0.044125
0 0.327529 0.410854 0.034590 0.044125
0 0.375176 0.421312 0.034590 0.044125
0 0.384965 0.399250 0.034590 0.044125
0 0.400632 0.453833 0.034590 0.044125
0 0.458724 0.442208 0.034590 0.044125
0 0.661698 0.467750 0.034590 0.044125
0 0.662354 0.414344 0.034590 0.044146
0 0.413384 0.831219 0.044426 0.053396
0 0.713911 0.273833 0.034590 0.044125
2 0.354619 0.187094 0.063150 0.351271
2 0.439221 0.332740 0.108232 0.174188
2 0.430492 0.148875 0.060422 0.270958
2 0.494971 0.673365 0.100082 0.423854
2 0.332073 0.651583 0.087564 0.419000
1 0.484637 0.688354 0.026112 0.134500
1 0.311956 0.503542 0.016862 0.064833
0 0.728923 0.237833 0.034590 0.044125
0 0.721089 0.251771 0.034590 0.044125
3 0.084356 0.455510 0.168712 0.182271
