1 0.384301 0.203042 0.034898 0.278278
1 0.705336 0.564625 0.150547 0.072667
1 0.809523 0.215451 0.031906 0.274736
1 0.500949 0.616917 0.142570 0.120528
0 0.102145 0.336868 0.038883 0.060264
0 0.120637 0.306799 0.038883 0.060264
0 0.063809 0.335160 0.038883 0.060264
0 0.292121 0.287299 0.038883 0.060264
0 0.437684 0.468090 0.038883 0.060264
0 0.447660 0.393646 0.038883 0.060264
0 0.494520 0.395424 0.038883 0.060264
0 0.426723 0.640021 0.038883 0.060264
0 0.576266 0.805750 0.046844 0.069139
0 0.582254 0.624076 0.038883 0.060264
0 0.592223 0.583313 0.038883 0.060264
0 0.622137 0.530132 0.038883 0.060264
0 0.683949 0.285535 0.038883 0.060264
0 0.711863 0.280215 0.038883 0.060264
0 0.881355 0.338701 0.038883 0.060264
0 0.892324 0.289076 0.038883 0.060264
0 0.862410 0.297937 0.038883 0.060264
2 0.519398 0.648813 0.129609 0.485653
2 0.683406 0.584118 0.098703 0.533514
2 0.576223 0.481319 0.117648 0.253472
2 0.827969 0.179951 0.068797 0.359903
2 0.377820 0.178181 0.083750 0.356361
2 0.441629 0.180840 0.087742 0.361681
3 0.484000 0.465368 0.421734 0.154208
