0 0.502224 0.583745 0.051458 0.091435
0 0.468391 0.646403 0.051458 0.091435
0 0.519143 0.344398 0.051464 0.091426
0 0.488128 0.439634 0.051464 0.091435
0 0.789112 0.816829 0.051464 0.091435
0 0.788409 0.232866 0.051464 0.091435
1 0.378503 0.873977 0.037359 0.252046
2 0.155052 0.351338 0.134635 0.246861
2 0.292526 0.908954 0.140990 0.177907
2 0.588927 0.757921 0.134635 0.239361
3 0.493047 0.521222 0.604792 0.957556
0 0.457112 0.544898 0.051464 0.091426
0 0.216745 0.450912 0.051458 0.091435
0 0.216745 0.660185 0.051458 0.091426
0 0.310495 0.577481 0.051458 0.091426
0 0.362656 0.640134 0.051458 0.091435
