0 0.764094 0.691583 0.050063 0.071222
0 0.256961 0.411472 0.033578 0.047111
0 0.254609 0.398917 0.027687 0.042944
0 0.255195 0.379542 0.025328 0.035583
0 0.263141 0.371167 0.027094 0.039778
0 0.266391 0.357028 0.022969 0.030389
0 0.069656 0.390542 0.035937 0.053417
0 0.053461 0.353889 0.030641 0.049222
0 0.473719 0.770111 0.043000 0.060722
0 0.594758 0.609917 0.040047 0.062833
0 0.936383 0.363306 0.040047 0.061778
0 0.750547 0.404153 0.019437 0.114139
1 0.171555 0.915944 0.024141 0.168111
1 0.923719 0.944750 0.019437 0.110500
1 0.716977 0.481639 0.013547 0.260722
1 0.474305 0.278500 0.025328 0.130889
1 0.425711 0.313056 0.022391 0.277500
2 0.154180 0.831375 0.116609 0.334028
2 0.949625 0.859125 0.088938 0.278528
2 0.719922 0.374306 0.072438 0.379056
2 0.499336 0.266458 0.073047 0.360194
2 0.427805 0.260111 0.060609 0.362444
3 0.494547 0.613694 0.454219 0.205444
