1 0.840092 0.415131 0.049213 0.340149
2 0.149567 0.535857 0.157428 0.637629
2 0.452585 0.551102 0.124751 0.252301
2 0.929747 0.502192 0.081056 0.542598
2 0.395410 0.373456 0.158917 0.534628
2 0.644911 0.338801 0.114364 0.485127
2 0.742182 0.337817 0.127710 0.498994
2 0.884039 0.342791 0.084678 0.473298
3 0.422306 0.754672 0.844613 0.093071
1 0.557326 0.424068 0.019337 0.325004
0 0.892290 0.636299 0.059646 0.051601
0 0.880495 0.620967 0.047014 0.026308
0 0.890125 0.600416 0.038071 0.019746
0 0.867677 0.599265 0.038071 0.019755
0 0.823353 0.632275 0.066286 0.059650
0 0.850098 0.621137 0.032874 0.056588
0 0.818314 0.605416 0.038071 0.019755
0 0.099429 0.626518 0.028045 0.056360
0 0.062631 0.625871 0.061877 0.064287
0 0.041247 0.615608 0.050446 0.064287
0 0.014035 0.611269 0.028071 0.066317
