0 0.270870 0.634565 0.056490 0.091056
0 0.356172 0.389231 0.038427 0.049667
0 0.116266 0.436852 0.038427 0.049667
0 0.094721 0.342648 0.038432 0.049667
0 0.009802 0.446171 0.019604 0.049676
0 0.658669 0.526412 0.052974 0.071435
0 0.854044 0.572963 0.053578 0.077593
1 0.673789 0.308977 0.021547 0.199898
1 0.733477 0.482894 0.037266 0.166769
2 0.640016 0.352509 0.075115 0.375778
2 0.738427 0.371088 0.105396 0.404861
2 0.774237 0.256699 0.060557 0.252694
2 0.690096 0.271245 0.055318 0.279509
2 0.222219 0.483977 0.158385 0.874750
2 0.044326 0.298106 0.083266 0.310657
3 0.414776 0.783139 0.829552 0.433722
3 0.089273 0.470519 0.178547 0.133537
