1 0.456299 0.352454 0.055901 0.361389
0 0.085112 0.786750 0.079776 0.115944
0 0.729706 0.608181 0.054130 0.081787
0 0.336958 0.400620 0.040760 0.053833
0 0.077833 0.444102 0.040760 0.053833
0 0.056286 0.341616 0.040760 0.053824
1 0.656320 0.304889 0.049495 0.342648
1 0.813253 0.491227 0.055901 0.442028
2 0.795240 0.387681 0.150792 0.552787
2 0.681096 0.319875 0.094911 0.336435
2 0.614422 0.350407 0.109469 0.509333
2 0.551242 0.290889 0.094911 0.336444
2 0.496802 0.363884 0.124625 0.573528
2 0.395471 0.395426 0.089693 0.483407
2 0.266510 0.486546 0.202083 0.789870
3 0.096667 0.474625 0.193333 0.123157
3 0.421276 0.796065 0.842552 0.407870
