0 0.376246 0.635260 0.042819 0.044065
0 0.522319 0.677839 0.042819 0.044065
0 0.497761 0.565371 0.042812 0.044065
0 0.391038 0.551520 0.042819 0.044065
0 0.371518 0.530538 0.042819 0.044065
0 0.532707 0.557395 0.042812 0.044065
0 0.546246 0.525081 0.042819 0.044065
0 0.543725 0.473886 0.042812 0.044065
0 0.523892 0.466328 0.042812 0.044065
0 0.511733 0.454364 0.036278 0.033578
0 0.717277 0.963360 0.049366 0.053638
0 0.760458 0.331879 0.034241 0.036328
0 0.779580 0.321076 0.032767 0.033100
2 0.520195 0.261294 0.066643 0.262280
2 0.581156 0.246204 0.066643 0.262280
2 0.565698 0.382348 0.078341 0.152639
3 0.509865 0.529752 0.490711 0.160905
