3 0.950316 0.461646 0.099367 0.705681
0 0.509387 0.405222 0.043117 0.084194
0 0.597387 0.352451 0.049477 0.081681
0 0.672305 0.436007 0.048062 0.082931
1 0.571234 0.511403 0.022625 0.364389
2 0.577242 0.801660 0.112375 0.253819
1 0.964922 0.671611 0.048062 0.099278
2 0.943234 0.846903 0.113531 0.266389
3 0.500910 0.500000 0.571805 1.000000
3 0.947121 0.469306 0.105758 0.745139
3 0.500336 0.501771 0.566422 0.989236
2 0.943785 0.848167 0.110367 0.256500
2 0.574172 0.793146 0.101063 0.238653
1 0.967785 0.676181 0.046539 0.106389
1 0.570480 0.510111 0.023336 0.348694
0 0.670844 0.437944 0.043219 0.079083
0 0.597441 0.351597 0.043883 0.081556
0 0.510340 0.401889 0.041227 0.080500
