0 0.631159 0.084146 0.032740 0.048167
0 0.388601 0.227146 0.032728 0.048167
0 0.526206 0.290333 0.032740 0.048167
0 0.418864 0.111104 0.030187 0.043625
0 0.466598 0.100646 0.031089 0.046208
0 0.358841 0.078750 0.029157 0.040833
0 0.397840 0.082594 0.028232 0.041479
0 0.631704 0.118979 0.032728 0.048167
0 0.406089 0.065937 0.025995 0.037292
3 0.504379 0.109687 0.358431 0.149042
3 0.116710 0.112385 0.233419 0.154104
0 0.420222 0.838615 0.043958 0.064521
2 0.021341 0.862698 0.042681 0.274604
2 0.034496 0.528000 0.068993 0.154000
2 0.350480 0.687771 0.108080 0.403000
2 0.498975 0.701135 0.126874 0.399646
2 0.437365 0.038302 0.099719 0.076604
