0 0.264445 0.290444 0.038077 0.039162
0 0.295438 0.284640 0.038071 0.039162
0 0.797995 0.293342 0.038071 0.039154
0 0.837697 0.295520 0.038071 0.039162
0 0.032557 0.302576 0.038071 0.039162
0 0.039112 0.297644 0.033325 0.027893
0 0.081082 0.276696 0.033319 0.027893
0 0.071640 0.281946 0.033319 0.027885
0 0.065346 0.284044 0.033319 0.027885
0 0.056164 0.286493 0.033319 0.027893
0 0.048556 0.289987 0.033319 0.027893
2 0.432868 0.679158 0.192665 0.635338
2 0.622218 0.638371 0.175742 0.635338
2 0.404172 0.276777 0.076491 0.348985
2 0.017640 0.506523 0.035279 0.436227
3 0.485952 0.362221 0.526688 0.054137
