0 0.402441 0.653882 0.064789 0.087958
0 0.903391 0.304146 0.033578 0.033514
0 0.981137 0.317236 0.035930 0.045028
1 0.388895 0.647021 0.042414 0.143569
1 0.812391 0.197861 0.098953 0.030361
1 0.916055 0.245507 0.025922 0.136125
2 0.462813 0.463826 0.202031 0.421986
2 0.245766 0.388958 0.124875 0.665972
2 0.604176 0.217757 0.072445 0.346597
2 0.849789 0.214611 0.094828 0.338222
2 0.921945 0.186868 0.047125 0.270153
2 0.964809 0.186340 0.035070 0.281681
2 0.982176 0.182674 0.035648 0.263875
2 0.792070 0.164354 0.046531 0.225125
2 0.560883 0.169583 0.042406 0.231417
2 0.619492 0.069590 0.025328 0.067014
3 0.639223 0.325611 0.273305 0.040833
3 0.194816 0.328222 0.306867 0.037694
3 0.907961 0.318799 0.184078 0.046069
