3 0.485156 0.815731 0.969896 0.366463
2 0.251943 0.445148 0.121698 0.605630
2 0.739914 0.292944 0.075099 0.243241
2 0.922760 0.360241 0.101875 0.413037
2 0.578023 0.363884 0.104224 0.488639
2 0.490966 0.439968 0.107130 0.721546
2 0.363164 0.539856 0.219516 0.867509
3 0.130521 0.494819 0.260625 0.126287
1 0.597799 0.418759 0.041922 0.085926
0 0.017664 0.370602 0.035328 0.053833
0 0.119177 0.359213 0.040760 0.053833
0 0.412656 0.428569 0.040760 0.053824
0 0.014169 0.471014 0.028339 0.053824
0 0.138367 0.469486 0.036099 0.056935
0 0.818781 0.649606 0.050656 0.077639
0 0.488617 0.847333 0.084432 0.125259
