0 0.324754 0.712569 0.063451 0.068900
0 0.542774 0.778417 0.063457 0.068892
0 0.505847 0.608896 0.057538 0.064660
0 0.576760 0.551780 0.060712 0.057985
0 0.552746 0.594097 0.060718 0.057985
0 0.344254 0.585029 0.060712 0.057985
0 0.317513 0.560856 0.060718 0.057985
0 0.572692 0.473602 0.060712 0.057985
0 0.537487 0.460647 0.055882 0.057716
0 0.525929 0.442406 0.053306 0.051545
0 0.895129 0.260432 0.051178 0.052771
0 0.922598 0.248388 0.048130 0.049320
0 0.907179 0.228111 0.049496 0.042452
2 0.158545 0.614521 0.165113 0.449328
2 0.365649 0.232019 0.092003 0.458380
2 0.498933 0.226537 0.120397 0.438631
3 0.526666 0.564899 0.728117 0.230974
