0 0.270555 0.442361 0.034578 0.048833
3 0.503172 0.642847 0.427156 0.201750
0 0.299125 0.466139 0.034563 0.048833
0 0.285359 0.449875 0.034563 0.048806
0 0.281133 0.426056 0.034578 0.048833
0 0.275492 0.397250 0.034578 0.048833
0 0.637805 0.409778 0.034578 0.048833
0 0.728734 0.454889 0.034563 0.048833
0 0.735781 0.444861 0.034563 0.048833
0 0.732258 0.423556 0.034578 0.048833
0 0.732258 0.409778 0.034578 0.048833
0 0.708297 0.401000 0.034563 0.048833
0 0.339633 0.764417 0.034578 0.048833
0 0.467219 0.611528 0.034563 0.048833
0 0.095742 0.429833 0.034578 0.048833
0 0.105617 0.416042 0.034578 0.048806
0 0.100680 0.394736 0.034578 0.048806
1 0.418586 0.579542 0.021141 0.127583
2 0.417172 0.462444 0.077531 0.204278
2 0.419297 0.288903 0.077531 0.224417
2 0.130641 0.844611 0.082469 0.305778
2 0.887008 0.890347 0.090984 0.216806
