2 0.743173 0.210583 0.074487 0.320861
2 0.673221 0.235875 0.071458 0.308991
2 0.554820 0.234271 0.107193 0.260532
2 0.070910 0.240192 0.030888 0.110903
2 0.107707 0.241005 0.028758 0.102815
2 0.199004 0.251498 0.021805 0.086134
2 0.182047 0.250421 0.021802 0.086139
2 0.144798 0.270333 0.022409 0.054926
0 0.646577 0.384472 0.089638 0.136741
0 0.559061 0.344097 0.044211 0.064602
0 0.734396 0.367782 0.053297 0.073213
1 0.708253 0.258676 0.032099 0.228259
2 0.009408 0.229933 0.018815 0.110903
2 0.366758 0.262234 0.021802 0.086134
2 0.949697 0.257382 0.082966 0.320847
0 0.597204 0.341914 0.033919 0.053847
