2 0.320082 0.513931 0.275414 0.403139
0 0.307348 0.650931 0.056445 0.085528
0 0.394961 0.643944 0.058906 0.082028
0 0.519387 0.828500 0.080008 0.116056
0 0.499020 0.878674 0.082461 0.125653
0 0.714496 0.909653 0.093258 0.128278
0 0.595223 0.959389 0.101117 0.075917
0 0.754254 0.981208 0.060867 0.032278
1 0.434965 0.653111 0.056445 0.096861
2 0.609457 0.238625 0.053008 0.234722
2 0.682344 0.231646 0.053500 0.222514
2 0.950508 0.341590 0.098984 0.595986
2 0.908539 0.797090 0.182922 0.397042
2 0.564543 0.454590 0.186023 0.541014
3 0.566484 0.904854 0.803547 0.186736
3 0.128191 0.285313 0.166398 0.026181
3 0.316918 0.283125 0.163945 0.025306
