2 0.551301 0.670090 0.103695 0.393486
2 0.667949 0.600076 0.095711 0.501597
2 0.556781 0.159618 0.088734 0.163069
3 0.500953 0.147215 0.332000 0.106347
3 0.904266 0.139236 0.191469 0.118750
3 0.093672 0.148979 0.183453 0.116986
0 0.446770 0.272917 0.034133 0.052000
0 0.493809 0.297687 0.034133 0.052014
0 0.557895 0.266729 0.034133 0.052014
0 0.565551 0.234528 0.034133 0.052000
0 0.585754 0.192424 0.034133 0.052014
0 0.496594 0.197382 0.034125 0.052014
0 0.553480 0.775806 0.027570 0.052000
0 0.777090 0.053188 0.034133 0.052014
0 0.633082 0.020215 0.034133 0.040431
0 0.653871 0.020215 0.034133 0.040431
0 0.454590 0.153243 0.034133 0.052014
0 0.461691 0.100062 0.034133 0.052014
0 0.496680 0.100062 0.034125 0.052014
0 0.349121 0.020660 0.034133 0.041319
0 0.209168 0.058590 0.034133 0.052014
0 0.223367 0.031549 0.034125 0.052014
0 0.183309 0.054986 0.034133 0.052000
