2 0.743173 0.210583 0.074487 0.320861
2 0.904128 0.254998 0.054510 0.289634
2 0.537258 0.253646 0.069651 0.195949
2 0.457624 0.252051 0.071445 0.177657
2 0.047897 0.235887 0.030888 0.110903
2 0.106190 0.240463 0.031792 0.103898
2 0.199004 0.251498 0.021805 0.086134
2 0.182047 0.250421 0.021802 0.086139
2 0.144798 0.254907 0.022409 0.071426
0 0.642539 0.381602 0.089635 0.136741
0 0.557608 0.341942 0.044211 0.064606
0 0.730357 0.365630 0.053297 0.073213
1 0.707242 0.259394 0.032099 0.228259
2 0.021540 0.226701 0.030888 0.110903
2 0.357673 0.260081 0.021805 0.086134
