1 0.013612 0.617736 0.027224 0.061991
2 0.486810 0.522583 0.127818 0.309111
0 0.681242 0.502509 0.009839 0.013593
0 0.720221 0.498949 0.009839 0.013602
0 0.752099 0.498301 0.009833 0.013602
0 0.707471 0.499597 0.009839 0.013602
0 0.765536 0.498912 0.009833 0.013602
0 0.777339 0.498912 0.009833 0.013602
0 0.786956 0.498523 0.009839 0.013602
0 0.873951 0.495801 0.009839 0.013602
0 0.884224 0.496190 0.009833 0.013602
0 0.904990 0.495801 0.009833 0.013602
0 0.896682 0.498134 0.009833 0.013602
0 0.867289 0.496782 0.009839 0.013602
0 0.531456 0.637037 0.047932 0.060148
3 0.798839 0.513523 0.165771 0.016787
3 0.612365 0.516301 0.136938 0.016787
2 0.101003 0.536787 0.108078 0.230574
2 0.616979 0.497519 0.125000 0.369259
2 0.015474 0.510051 0.029135 0.197157
2 0.816620 0.455981 0.023604 0.121704
