3 0.509315 0.482398 0.635005 0.940370
2 0.580352 0.452912 0.147318 0.324546
2 0.783578 0.063787 0.120542 0.127574
2 0.473797 0.944495 0.120542 0.111009
0 0.511646 0.856106 0.056458 0.106620
0 0.587344 0.305380 0.056458 0.106630
0 0.626068 0.448736 0.050052 0.078639
0 0.537849 0.212213 0.056458 0.106630
1 0.695333 0.033139 0.052990 0.066278
1 0.829263 0.566792 0.118203 0.141824
1 0.527633 0.857685 0.046005 0.208074
2 0.792896 0.630435 0.120542 0.182685
0 0.407417 0.197722 0.056458 0.106630
0 0.433620 0.087991 0.056458 0.106630
