0 0.597922 0.649188 0.045641 0.068069
0 0.522578 0.681903 0.045156 0.074167
0 0.453125 0.736444 0.050563 0.080278
0 0.395941 0.708083 0.046133 0.072417
0 0.368945 0.748667 0.029453 0.071556
0 0.234945 0.562361 0.029453 0.042750
0 0.902730 0.802326 0.080008 0.112569
0 0.727258 0.818472 0.068719 0.118667
0 0.607984 0.801889 0.060859 0.094250
0 0.725539 0.650931 0.037797 0.068056
0 0.433984 0.468993 0.019141 0.027042
0 0.580496 0.468125 0.021602 0.035778
0 0.429813 0.438451 0.017672 0.021819
1 0.662223 0.503458 0.052523 0.071556
2 0.200590 0.384792 0.041227 0.181500
2 0.422445 0.359917 0.033375 0.166667
2 0.454840 0.364722 0.037305 0.211167
2 0.506133 0.420563 0.094734 0.411875
2 0.667133 0.460701 0.122219 0.589875
2 0.635227 0.369521 0.049578 0.332458
2 0.905184 0.357736 0.079023 0.322861
2 0.316918 0.544486 0.218914 0.911028
3 0.522578 0.794049 0.797125 0.411903
3 0.775113 0.519604 0.365680 0.128264
3 0.850457 0.415333 0.231680 0.050611
3 0.886535 0.373882 0.168352 0.027042
3 0.903715 0.349451 0.140867 0.020069
