2 0.329021 0.393532 0.184885 0.679620
0 0.468529 0.573671 0.050026 0.086731
0 0.576583 0.594218 0.050021 0.086731
0 0.620492 0.662005 0.050026 0.086731
0 0.378977 0.702042 0.070797 0.105176
0 0.823867 0.509977 0.043099 0.066157
0 0.058320 0.414486 0.028891 0.047250
0 0.087331 0.408833 0.028891 0.047241
0 0.143232 0.397727 0.025724 0.040269
3 0.402357 0.769949 0.804714 0.460102
2 0.447964 0.380769 0.106885 0.474204
2 0.655484 0.399620 0.104969 0.566685
2 0.894766 0.341375 0.092448 0.436509
2 0.738768 0.245542 0.038505 0.224287
2 0.173536 0.236093 0.043344 0.232815
3 0.121667 0.435477 0.243333 0.136954
