0 0.497089 0.586954 0.071031 0.103500
0 0.518633 0.651139 0.071026 0.103500
0 0.533190 0.690472 0.071026 0.103500
0 0.396352 0.809528 0.071026 0.103500
0 0.123253 0.719463 0.071026 0.103500
0 0.543372 0.927037 0.084401 0.131481
2 0.670315 0.418745 0.111766 0.601954
2 0.719526 0.293991 0.058792 0.255148
2 0.265049 0.447727 0.136255 0.543991
2 0.357036 0.381458 0.091969 0.428009
2 0.421391 0.330245 0.090240 0.362843
2 0.487484 0.335931 0.080344 0.330731
3 0.393437 0.785176 0.754010 0.429648
2 0.543091 0.371130 0.105380 0.477741
0 0.460404 0.596269 0.071026 0.103500
