0 0.844423 0.609479 0.058648 0.081292
0 0.813111 0.822426 0.077534 0.121935
0 0.935871 0.838329 0.084487 0.111333
0 0.829512 0.586507 0.050695 0.070690
0 0.925437 0.576787 0.045724 0.072454
0 0.955258 0.590042 0.055667 0.088361
0 0.612316 0.530840 0.043737 0.065384
0 0.501480 0.747319 0.064612 0.095426
0 0.337962 0.697840 0.057654 0.091894
2 0.529811 0.567951 0.188867 0.295116
2 0.489055 0.348824 0.109344 0.510713
2 0.444323 0.370023 0.163021 0.546065
2 0.971168 0.476060 0.057664 0.694500
3 0.314607 0.718162 0.629214 0.210296
3 0.809141 0.877194 0.381719 0.245611
0 0.324574 0.508528 0.043622 0.063917
0 0.370736 0.506824 0.040747 0.062213
0 0.419411 0.494493 0.034995 0.060505
0 0.444863 0.503894 0.041706 0.058806
0 0.142589 0.453655 0.035953 0.054542
0 0.108781 0.492343 0.035953 0.054546
0 0.196531 0.534683 0.046500 0.066477
0 0.073118 0.534053 0.048846 0.073292
0 0.040941 0.474354 0.036914 0.051134
0 0.072993 0.468877 0.037872 0.055394
2 0.058151 0.313477 0.116302 0.549593
