0 0.677215 0.676556 0.045477 0.087944
0 0.599820 0.590035 0.045484 0.085097
0 0.509660 0.640396 0.042289 0.078014
0 0.558332 0.251736 0.045477 0.089361
3 0.954543 0.673396 0.090914 0.653208
3 0.501258 0.618736 0.590891 0.762528
2 0.673723 0.901458 0.118742 0.197083
2 0.641207 0.092347 0.086227 0.184694
2 0.475109 0.094236 0.069266 0.188472
1 0.346473 0.023243 0.097539 0.046486
0 0.558512 0.251924 0.046648 0.081681
0 0.676902 0.674757 0.044523 0.077903
0 0.598801 0.588049 0.046648 0.077903
0 0.508680 0.638944 0.044531 0.084194
3 0.504477 0.621257 0.598406 0.757486
2 0.476949 0.095021 0.072602 0.190042
2 0.641711 0.093597 0.087766 0.187194
2 0.674418 0.900694 0.118086 0.198611
1 0.599023 0.910604 0.040687 0.070931
1 0.346094 0.021965 0.101328 0.043931
