0 0.681356 0.473319 0.023613 0.021998
0 0.621060 0.830974 0.033816 0.037968
0 0.876422 0.505347 0.023613 0.025936
0 0.875711 0.490419 0.021213 0.012947
0 0.868886 0.488480 0.021213 0.012947
2 0.545371 0.728815 0.069029 0.267858
2 0.679225 0.735787 0.058552 0.248323
2 0.607063 0.472875 0.058546 0.219009
2 0.497200 0.431685 0.058552 0.219001
1 0.698543 0.718662 0.020921 0.147604
3 0.960032 0.589416 0.079937 0.100931
3 0.057114 0.599881 0.114229 0.117155
3 0.518962 0.601304 0.347206 0.117155
0 0.180829 0.505533 0.023841 0.023446
0 0.859159 0.463827 0.021213 0.012955
0 0.861343 0.470313 0.021213 0.012955
0 0.866454 0.474530 0.021213 0.012955
0 0.187387 0.453984 0.014203 0.009086
0 0.187387 0.460986 0.014203 0.009086
0 0.185641 0.469149 0.014203 0.009086
0 0.372949 0.454483 0.023613 0.022058
0 0.183889 0.488235 0.021213 0.012947
0 0.181844 0.495631 0.021213 0.012955
0 0.853317 0.446634 0.021213 0.012947
0 0.856479 0.457015 0.021213 0.012947
0 0.411489 0.469090 0.023613 0.022058
0 0.360060 0.473967 0.023613 0.025986
0 0.324063 0.474585 0.023619 0.025936
0 0.348873 0.455457 0.023613 0.022058
0 0.385841 0.462917 0.023619 0.022058
0 0.184473 0.479285 0.021213 0.012947
0 0.335489 0.467447 0.019714 0.022718
0 0.639276 0.451892 0.023619 0.025936
0 0.666517 0.490487 0.023613 0.025936
0 0.700079 0.481406 0.023613 0.025927
0 0.693756 0.452045 0.023613 0.024327
0 0.700568 0.466008 0.023613 0.017841
0 0.671381 0.482066 0.023613 0.021372
