0 0.341101 0.247573 0.028829 0.045479
0 0.240773 0.155187 0.028829 0.045500
0 0.244578 0.136802 0.028829 0.045479
0 0.240234 0.121323 0.028829 0.045479
0 0.246218 0.101969 0.028829 0.045479
0 0.295708 0.116490 0.028817 0.045479
0 0.382728 0.252927 0.028829 0.045479
0 0.395785 0.234531 0.028829 0.045479
0 0.407752 0.280990 0.028829 0.045479
0 0.462681 0.275177 0.028829 0.045479
0 0.645433 0.294531 0.028829 0.045479
0 0.645972 0.248094 0.028829 0.045479
0 0.691118 0.119385 0.028817 0.045479
0 0.698735 0.102927 0.028829 0.045479
0 0.707436 0.083573 0.028829 0.045479
0 0.527927 0.482260 0.034309 0.045479
0 0.377049 0.410625 0.037002 0.045417
0 0.418987 0.826562 0.046054 0.061875
1 0.412699 0.056427 0.026733 0.112854
2 0.364883 0.098604 0.053021 0.197208
2 0.436317 0.174135 0.096991 0.146771
2 0.437670 0.073365 0.056206 0.146729
2 0.347477 0.667656 0.107881 0.356437
2 0.498864 0.688615 0.114215 0.404813
3 0.504906 0.288156 0.412787 0.161313
3 0.099186 0.283333 0.198372 0.161333
