2 0.722495 0.951539 0.109344 0.096922
0 0.513063 0.915913 0.042505 0.056653
0 0.505975 0.863793 0.042498 0.056653
0 0.481577 0.816930 0.042498 0.056653
0 0.758054 0.396501 0.042505 0.056653
0 0.652590 0.577662 0.042505 0.056653
0 0.633438 0.508419 0.042498 0.056653
0 0.524300 0.443717 0.042505 0.056653
0 0.478606 0.585736 0.042498 0.056653
0 0.423495 0.419781 0.042498 0.056653
0 0.462233 0.442742 0.042498 0.056653
0 0.495126 0.472511 0.033722 0.047914
0 0.498050 0.031758 0.038599 0.050193
3 0.514804 0.669920 0.493912 0.653465
