2 0.743173 0.210583 0.074487 0.320861
2 0.906400 0.257419 0.054508 0.289634
2 0.589036 0.248255 0.071458 0.234694
2 0.488203 0.242894 0.102344 0.198102
2 0.058798 0.235887 0.030888 0.110903
2 0.106948 0.240734 0.030276 0.103356
2 0.199004 0.251498 0.021805 0.086134
2 0.182047 0.250421 0.021802 0.086139
2 0.144798 0.262620 0.022409 0.063176
0 0.644557 0.383037 0.089635 0.136741
0 0.558335 0.343019 0.044211 0.064602
0 0.732378 0.366706 0.053297 0.073218
1 0.707747 0.259037 0.032099 0.228259
2 0.012435 0.229933 0.024870 0.110903
2 0.362215 0.261157 0.021805 0.086139
2 0.866117 0.238002 0.082964 0.320847
0 0.529372 0.327917 0.033917 0.053843
