2 0.315911 0.301185 0.135542 0.489963
2 0.486771 0.293949 0.145708 0.445787
0 0.717456 0.354398 0.053089 0.070278
0 0.206914 0.384519 0.053089 0.070278
0 0.795958 0.377486 0.049698 0.068269
0 0.819115 0.465838 0.055344 0.076306
0 0.774497 0.449773 0.040661 0.076306
0 0.759250 0.466843 0.046313 0.074296
0 0.732141 0.837324 0.057604 0.088352
0 0.499461 0.734917 0.055349 0.080315
0 0.452018 0.696764 0.050828 0.080324
0 0.503411 0.697769 0.051958 0.086352
0 0.528263 0.706806 0.051953 0.072296
3 0.501719 0.766042 0.604292 0.339361
