3 0.365424 0.788801 0.730849 0.422398
0 0.496508 0.688407 0.071026 0.103500
0 0.629852 0.700824 0.071026 0.103500
2 0.582104 0.336435 0.058792 0.255148
2 0.520964 0.336435 0.058792 0.255148
0 0.516305 0.724639 0.071026 0.103500
0 0.570464 0.583866 0.052406 0.082824
0 0.375388 0.654241 0.071026 0.103500
0 0.448174 0.634574 0.071026 0.103500
0 0.375685 0.853528 0.071026 0.103500
2 0.320372 0.430120 0.173526 0.454944
2 0.167224 0.446176 0.098990 0.466352
2 0.601620 0.409417 0.093135 0.428019
1 0.513659 0.367519 0.032026 0.211185
2 0.667982 0.433208 0.092005 0.521231
1 0.561115 0.335426 0.089677 0.041407
