2 0.410206 0.828577 0.163333 0.342845
2 0.255781 0.772997 0.222724 0.441592
2 0.150362 0.920656 0.172241 0.158688
0 0.970635 0.965724 0.058730 0.068552
0 0.932679 0.989217 0.068737 0.021566
0 0.095876 0.973141 0.049517 0.048129
0 0.120632 0.922938 0.049517 0.048129
0 0.147444 0.843184 0.035079 0.048129
2 0.361159 0.554225 0.133619 0.330974
2 0.744232 0.860711 0.118775 0.278577
2 0.459892 0.713196 0.206387 0.557773
2 0.672210 0.648307 0.179644 0.380440
2 0.648524 0.917688 0.138089 0.164623
3 0.637654 0.504640 0.497124 0.235241
3 0.051540 0.448878 0.103079 0.163971
