0 0.845784 0.597433 0.046714 0.072449
0 0.816094 0.811819 0.077536 0.121935
0 0.936865 0.833028 0.084484 0.111333
0 0.831501 0.588273 0.050695 0.070685
0 0.936371 0.578556 0.045727 0.072454
0 0.964204 0.579438 0.055664 0.088356
0 0.613906 0.530840 0.043740 0.065384
0 0.498111 0.743282 0.064612 0.095426
0 0.473757 0.926794 0.057654 0.091894
2 0.595104 0.388171 0.131615 0.609083
2 0.488060 0.347056 0.109344 0.510713
2 0.279944 0.434176 0.242534 0.830556
2 0.971168 0.476060 0.057664 0.694500
3 0.315776 0.712449 0.629214 0.210296
3 0.805164 0.875426 0.367802 0.245611
0 0.367875 0.506759 0.043625 0.063917
0 0.438264 0.505579 0.040747 0.062213
0 0.416492 0.495704 0.034995 0.060509
0 0.556496 0.529634 0.041706 0.058806
0 0.155510 0.452771 0.035953 0.054542
0 0.047833 0.457729 0.035953 0.054542
0 0.338238 0.505250 0.028977 0.066472
0 0.465579 0.518345 0.048846 0.073292
0 0.056185 0.521780 0.036911 0.051134
0 0.110914 0.480799 0.037870 0.055394
2 0.159740 0.436620 0.177969 0.673519
0 0.497561 0.663058 0.057654 0.091894
2 0.751214 0.319442 0.115125 0.297866
2 0.894923 0.316477 0.145102 0.306769
0 0.815992 0.434590 0.037729 0.050801
