3 0.561759 0.793731 0.876482 0.412537
3 0.798217 0.582106 0.387549 0.124944
3 0.856952 0.524095 0.252008 0.073181
2 0.373518 0.459838 0.114458 0.522981
2 0.564281 0.448236 0.136547 0.567602
2 0.297716 0.427711 0.061245 0.283801
0 0.514081 0.740069 0.070281 0.108880
0 0.620004 0.790940 0.085341 0.139222
0 0.653137 0.922245 0.111445 0.155509
0 0.176229 0.553549 0.035141 0.042838
0 0.139082 0.549977 0.033133 0.046407
0 0.107456 0.553546 0.044177 0.053546
0 0.067294 0.558007 0.040161 0.058894
0 0.026130 0.565150 0.044177 0.058903
2 0.740487 0.449130 0.047188 0.269519
2 0.801732 0.435743 0.073292 0.278449
