3 0.100156 0.472051 0.200313 0.151139
0 0.300563 0.792958 0.069292 0.115935
2 0.336375 0.287782 0.094917 0.336435
3 0.429141 0.799676 0.858281 0.400648
2 0.742818 0.320912 0.094917 0.336435
0 0.727380 0.599384 0.057635 0.086972
0 0.063859 0.337472 0.040760 0.053833
0 0.083656 0.440991 0.040760 0.053833
0 0.249318 0.662514 0.062302 0.091083
2 0.797857 0.390778 0.103630 0.567296
2 0.670617 0.340565 0.099568 0.499981
2 0.624893 0.322444 0.089693 0.399556
2 0.541628 0.325556 0.109453 0.403704
2 0.480781 0.403699 0.119375 0.653157
2 0.407987 0.532111 0.196214 0.833370
