0 0.431078 0.829292 0.044766 0.068056
0 0.506766 0.386361 0.034750 0.051306
0 0.795379 0.126153 0.030039 0.054444
0 0.826301 0.161229 0.024742 0.038736
0 0.824238 0.114104 0.021789 0.036653
0 0.631043 0.137667 0.024148 0.037694
0 0.652246 0.137139 0.024148 0.045028
0 0.674336 0.131910 0.024734 0.038736
0 0.655191 0.116201 0.020617 0.030375
0 0.366285 0.121438 0.025914 0.036653
0 0.328883 0.137146 0.025328 0.036653
0 0.328590 0.120917 0.023555 0.041889
0 0.344199 0.117250 0.026508 0.040833
0 0.472016 0.262799 0.028859 0.049208
0 0.507059 0.243431 0.030633 0.043972
0 0.534156 0.256514 0.027094 0.038750
0 0.529145 0.282174 0.026508 0.046069
0 0.504703 0.301021 0.034156 0.054458
0 0.209316 0.131389 0.045352 0.077500
1 0.449336 0.699451 0.025922 0.273292
2 0.324176 0.644993 0.090117 0.474347
2 0.493219 0.734528 0.217344 0.314139
2 0.790074 0.309396 0.093648 0.391625
2 0.847801 0.201021 0.066555 0.208375
2 0.561246 0.087681 0.058898 0.175361
1 0.547703 0.082972 0.011781 0.165944
2 0.487621 0.086111 0.083633 0.172222
2 0.468187 0.168035 0.083641 0.150792
2 0.171324 0.146319 0.067148 0.292639
2 0.120082 0.109146 0.063617 0.218292
2 0.044434 0.223007 0.088867 0.367542
2 0.028234 0.346569 0.056469 0.325667
3 0.499105 0.266986 0.357523 0.116222
3 0.084484 0.265417 0.168969 0.117278
3 0.936414 0.263319 0.127172 0.121472
