0 0.713703 0.460662 0.054719 0.091065
0 0.827253 0.570389 0.054714 0.091056
0 0.239130 0.622153 0.054719 0.091065
0 0.321826 0.371644 0.038432 0.049676
0 0.080443 0.420787 0.041302 0.050648
0 0.063849 0.326620 0.029073 0.046574
1 0.022307 0.415083 0.044615 0.078778
1 0.644385 0.300750 0.018635 0.208074
2 0.759388 0.346241 0.089089 0.299278
2 0.689247 0.331259 0.089089 0.299278
2 0.180318 0.465315 0.139177 0.894519
2 0.029164 0.287787 0.058328 0.299278
2 0.653737 0.222588 0.068151 0.226861
2 0.741070 0.227741 0.068151 0.226852
3 0.399638 0.777972 0.799276 0.435815
3 0.076172 0.444588 0.152344 0.129509
