2 0.055973 0.529618 0.057961 0.104292
0 0.088805 0.570458 0.024813 0.030167
0 0.175777 0.550354 0.019086 0.027653
2 0.156691 0.513917 0.044523 0.098000
2 0.194859 0.513917 0.048766 0.095500
0 0.515043 0.442924 0.067148 0.327958
1 0.499848 0.473701 0.016961 0.253819
0 0.445391 0.437896 0.046719 0.312875
0 0.381457 0.444174 0.130758 0.343042
0 0.271195 0.410250 0.116625 0.463667
2 0.271496 0.406986 0.116492 0.462556
2 0.389184 0.448833 0.107711 0.350500
2 0.510457 0.442451 0.067820 0.317875
0 0.382801 0.604861 0.045477 0.061139
1 0.248355 0.352375 0.167555 0.100861
0 0.383227 0.603132 0.042406 0.055292
