0 0.434555 0.806674 0.043000 0.065958
0 0.502586 0.141757 0.027094 0.036653
0 0.502184 0.070257 0.025648 0.033319
0 0.523289 0.060083 0.022094 0.035417
0 0.525461 0.039042 0.022484 0.027694
0 0.504449 0.026417 0.025445 0.035417
0 0.478906 0.047632 0.024062 0.032958
2 0.733395 0.119958 0.079023 0.236472
2 0.474230 0.715938 0.164430 0.332458
2 0.331398 0.626937 0.086875 0.466847
2 0.018324 0.213757 0.036648 0.343792
2 0.158375 0.102938 0.086391 0.202431
1 0.130645 0.039236 0.034852 0.068056
2 0.048402 0.086799 0.044227 0.171903
3 0.499508 0.050146 0.288609 0.093375
3 0.896023 0.044479 0.207953 0.085514
3 0.125980 0.045799 0.213023 0.091597
