2 0.406594 0.831449 0.107125 0.099009
0 0.499648 0.644111 0.027599 0.049074
0 0.491190 0.439847 0.027599 0.049083
0 0.489076 0.398495 0.027599 0.049083
0 0.483435 0.087718 0.027599 0.049083
0 0.487664 0.739347 0.027599 0.049083
0 0.472159 0.773181 0.027599 0.049083
2 0.384773 0.461111 0.084589 0.180444
2 0.445372 0.283204 0.084589 0.115296
2 0.560268 0.783824 0.084589 0.189204
2 0.506695 0.964907 0.084589 0.070185
3 0.490484 0.744986 0.308385 0.510028
3 0.915911 0.746866 0.168177 0.506269
3 0.075115 0.748745 0.150229 0.502509
