0 0.408918 0.776389 0.076570 0.096333
0 0.281402 0.344979 0.024148 0.025125
0 0.303488 0.344458 0.024742 0.030361
0 0.188043 0.351785 0.030633 0.047125
0 0.148582 0.353882 0.028273 0.026181
0 0.092332 0.361208 0.021789 0.038750
0 0.365922 0.360687 0.024734 0.037708
0 0.395668 0.356500 0.022977 0.037694
1 0.104699 0.313569 0.030039 0.131944
2 0.064648 0.272208 0.059484 0.262833
2 0.106762 0.263826 0.050648 0.223042
2 0.162422 0.264875 0.044172 0.233500
2 0.415105 0.255451 0.039461 0.212569
2 0.443672 0.248646 0.034156 0.213625
2 0.490203 0.233986 0.068328 0.238750
1 0.514059 0.273778 0.020617 0.148694
2 0.736113 0.411472 0.124273 0.767528
2 0.823285 0.342361 0.080695 0.514139
2 0.573547 0.594194 0.230297 0.575917
2 0.335004 0.589479 0.293914 0.491097
3 0.127891 0.389479 0.255781 0.036653
3 0.434246 0.374306 0.078930 0.048167
3 0.858625 0.339222 0.094828 0.038750
