2 0.482176 0.311611 0.162570 0.505139
0 0.551148 0.629042 0.053453 0.080861
0 0.550738 0.626375 0.057961 0.079167
1 0.766313 0.111201 0.026859 0.222403
1 0.781152 0.146382 0.022617 0.292764
1 0.820734 0.173396 0.021203 0.346792
2 0.848301 0.212979 0.103195 0.425958
2 0.799848 0.164604 0.065805 0.329208
2 0.782926 0.111826 0.040289 0.223653
2 0.627074 0.435382 0.100367 0.451097
1 0.436652 0.315569 0.231383 0.063833
2 0.847563 0.212750 0.098938 0.425500
2 0.624953 0.438257 0.103719 0.456736
2 0.483730 0.311306 0.157977 0.512056
1 0.786922 0.141826 0.027125 0.283653
1 0.767770 0.110618 0.030320 0.221236
1 0.623754 0.533292 0.045477 0.357444
