3 0.073784 0.746542 0.147568 0.506917
0 0.486253 0.393486 0.027599 0.049083
0 0.491893 0.437343 0.027599 0.049074
0 0.500352 0.644111 0.027599 0.049074
0 0.489779 0.748120 0.027599 0.049074
0 0.472862 0.781958 0.027599 0.049083
0 0.502466 0.947366 0.027599 0.049083
0 0.483435 0.088972 0.027599 0.049074
2 0.417904 0.856477 0.052161 0.124065
2 0.594479 0.803843 0.081063 0.171685
2 0.349529 0.415370 0.064849 0.219296
2 0.409448 0.372769 0.087406 0.174185
3 0.490164 0.746218 0.309464 0.507565
3 0.913883 0.748421 0.172234 0.503157
