3 0.407497 0.778491 0.814995 0.434778
1 0.745414 0.412495 0.033193 0.226806
0 0.345690 0.380954 0.038432 0.049667
0 0.101128 0.433745 0.038432 0.049676
0 0.692167 0.485523 0.040771 0.060065
0 0.842104 0.565222 0.051833 0.076593
0 0.256901 0.629912 0.063490 0.098324
2 0.662146 0.336463 0.064635 0.335407
2 0.750362 0.342620 0.095495 0.360352
2 0.207078 0.461199 0.156052 0.901657
2 0.034245 0.291898 0.068490 0.310667
3 0.083451 0.462236 0.166901 0.110769
2 0.681359 0.197745 0.047167 0.155287
2 0.759695 0.203431 0.045401 0.154250
