0 0.325727 0.695999 0.056286 0.061091
0 0.528149 0.756149 0.056286 0.061091
0 0.342850 0.579063 0.056286 0.061091
0 0.318477 0.553022 0.052809 0.056087
0 0.493555 0.596690 0.056286 0.061091
0 0.537918 0.584076 0.051255 0.054413
0 0.582906 0.595858 0.056286 0.056911
0 0.560727 0.544654 0.053452 0.050175
0 0.555262 0.471082 0.051273 0.051507
0 0.525000 0.458247 0.050624 0.047386
0 0.513851 0.443239 0.050624 0.047394
0 0.859610 0.272394 0.050618 0.047386
0 0.885247 0.261349 0.044238 0.045595
0 0.868483 0.241124 0.040462 0.041116
2 0.327322 0.283855 0.113670 0.384713
2 0.442868 0.315870 0.082678 0.304513
2 0.592715 0.140716 0.079863 0.281432
2 0.501592 0.137573 0.079838 0.275146
3 0.510515 0.552023 0.688620 0.221799
