2 0.343785 0.198771 0.167508 0.268903
3 0.501398 0.554153 0.525156 0.891694
3 0.502313 0.552542 0.526625 0.885333
0 0.507098 0.503083 0.039758 0.072417
0 0.573121 0.545403 0.042211 0.075056
0 0.504648 0.023111 0.043687 0.044583
0 0.783934 0.705083 0.046633 0.080278
0 0.508824 0.909972 0.043820 0.080417
0 0.567488 0.916257 0.040992 0.082931
0 0.281562 0.541042 0.045156 0.073306
0 0.506684 0.501181 0.039227 0.073167
0 0.572473 0.544979 0.040492 0.075653
0 0.282613 0.540785 0.044555 0.076708
2 0.342754 0.676778 0.101133 0.251778
2 0.341789 0.198521 0.165563 0.274236
1 0.547574 0.930910 0.042555 0.135931
0 0.509273 0.908986 0.043219 0.080500
1 0.368684 0.584521 0.041289 0.317847
0 0.567121 0.917910 0.039227 0.081569
0 0.783945 0.707389 0.043219 0.074472
0 0.503656 0.026007 0.046609 0.049764
2 0.344137 0.675000 0.104602 0.261361
