3 0.642022 0.823889 0.715956 0.352222
3 0.857944 0.656181 0.284112 0.176704
3 0.925214 0.562472 0.149573 0.085676
1 0.921699 0.492859 0.156602 0.049977
0 0.443689 0.742609 0.054617 0.090903
0 0.616254 0.843838 0.066237 0.107426
0 0.727232 0.935863 0.081344 0.128273
0 0.129911 0.602808 0.035724 0.048579
0 0.169725 0.594697 0.035727 0.048579
0 0.201716 0.590549 0.035724 0.048579
0 0.233005 0.587225 0.035724 0.048579
0 0.260324 0.580586 0.035727 0.048579
0 0.287410 0.587225 0.035727 0.048579
2 0.372514 0.467873 0.080320 0.267736
2 0.471913 0.539269 0.102409 0.499778
2 0.860467 0.491968 0.060242 0.308787
2 0.940788 0.478581 0.102409 0.335560
