0 0.298266 0.568035 0.044172 0.062819
0 0.459504 0.623882 0.051539 0.075042
0 0.411133 0.650493 0.053063 0.049736
0 0.443555 0.570653 0.044172 0.057583
0 0.481594 0.863410 0.082953 0.121292
0 0.542457 0.809312 0.078039 0.110819
0 0.633016 0.876062 0.085406 0.123903
0 0.795238 0.845951 0.085898 0.130014
0 0.895367 0.975972 0.100625 0.046250
0 0.868375 0.767861 0.080984 0.111694
0 0.721367 0.529201 0.044172 0.060208
0 0.826898 0.465063 0.038281 0.054097
0 0.516441 0.422306 0.028961 0.041889
1 0.561590 0.427542 0.020102 0.061083
1 0.546629 0.419257 0.024539 0.051486
1 0.884082 0.558438 0.102586 0.076792
1 0.238629 0.325451 0.027977 0.195458
2 0.239855 0.300146 0.047117 0.265264
2 0.414594 0.534875 0.189469 0.422333
2 0.604793 0.481646 0.174242 0.425819
2 0.940445 0.689326 0.119109 0.617792
2 0.751309 0.311056 0.074602 0.447639
2 0.678176 0.290549 0.047117 0.097736
2 0.495582 0.360354 0.094242 0.205931
2 0.576324 0.266986 0.066258 0.048861
2 0.414105 0.298840 0.059883 0.112569
3 0.590477 0.825014 0.819047 0.348167
3 0.896352 0.552764 0.117313 0.143972
3 0.031332 0.299278 0.062664 0.029667
3 0.161297 0.290549 0.091344 0.027931
