2 0.743173 0.210583 0.074487 0.320861
2 0.829780 0.231037 0.132628 0.391907
2 0.635674 0.190347 0.127182 0.380694
2 0.072120 0.247734 0.027260 0.080745
2 0.108465 0.241275 0.027242 0.102273
2 0.199004 0.251498 0.021805 0.086134
2 0.182047 0.250421 0.021802 0.086139
2 0.142376 0.262796 0.022409 0.054926
0 0.646577 0.384472 0.089638 0.136741
0 0.559061 0.344097 0.044211 0.064602
0 0.765889 0.376933 0.067831 0.089366
1 0.708757 0.258319 0.032102 0.228259
2 0.009408 0.229933 0.018815 0.110903
2 0.366758 0.262234 0.021802 0.086134
2 0.968038 0.249845 0.063924 0.320847
0 0.712885 0.359674 0.037557 0.066755
