2 0.056375 0.490005 0.112750 0.270676
0 0.537094 0.622838 0.057333 0.078528
0 0.908924 0.496190 0.009286 0.010361
0 0.898651 0.496190 0.009292 0.010361
0 0.884443 0.496579 0.009292 0.010361
0 0.870672 0.496190 0.009292 0.010361
0 0.835977 0.495264 0.009286 0.010361
0 0.821039 0.496884 0.009286 0.010361
0 0.792352 0.497199 0.009286 0.010361
3 0.725185 0.509134 0.133745 0.016787
3 0.912359 0.507458 0.155240 0.014769
2 0.763727 0.450407 0.028328 0.127574
2 0.942951 0.445681 0.028328 0.127583
2 0.661622 0.429019 0.150380 0.482870
2 0.483523 0.472458 0.164474 0.372602
