0 0.307242 0.356889 0.037109 0.051306
0 0.342285 0.357417 0.037695 0.048167
0 0.311656 0.499819 0.038875 0.052361
0 0.445953 0.568410 0.041234 0.059681
0 0.494840 0.494583 0.031805 0.052361
0 0.514570 0.507146 0.040641 0.056542
0 0.556684 0.512910 0.040055 0.059681
0 0.527234 0.546417 0.032984 0.047111
0 0.706883 0.361597 0.035344 0.054444
0 0.669187 0.357938 0.035344 0.049208
0 0.129359 0.368931 0.046531 0.064917
0 0.085187 0.415007 0.037109 0.046069
0 0.081656 0.382542 0.025328 0.037694
0 0.076059 0.367354 0.040055 0.063875
0 0.045137 0.401917 0.020617 0.047111
1 0.415031 0.280972 0.153734 0.043972
1 0.899191 0.697201 0.057133 0.442931
1 0.090488 0.739611 0.014727 0.104722
1 0.044840 0.133326 0.012961 0.067014
2 0.925109 0.551132 0.099547 0.433514
2 0.688328 0.608194 0.086578 0.478528
2 0.530477 0.706632 0.169047 0.357069
2 0.106688 0.599299 0.090703 0.370681
0 0.511922 0.569458 0.032984 0.051306
2 0.425633 0.296681 0.105437 0.362306
2 0.557863 0.207146 0.077742 0.277486
2 0.573473 0.392493 0.103070 0.185347
2 0.030668 0.262125 0.061336 0.389528
3 0.980078 0.540139 0.039844 0.089000
3 0.502789 0.548507 0.463547 0.143458
3 0.031254 0.542757 0.062508 0.098431
0 0.576715 0.815007 0.043586 0.071208
