3 0.498971 0.655153 0.397807 0.689694
1 0.482023 0.185343 0.034891 0.129389
1 0.944635 0.692269 0.110667 0.072667
0 0.391794 0.127741 0.035891 0.067352
0 0.434667 0.192435 0.033896 0.065574
0 0.380328 0.189778 0.036885 0.067352
0 0.374346 0.579718 0.036891 0.060269
0 0.355904 0.629347 0.035891 0.056713
0 0.372354 0.967000 0.038885 0.065574
2 0.319510 0.088685 0.104688 0.177370
2 0.466570 0.090458 0.101693 0.180917
2 0.379831 0.806593 0.091724 0.163074
2 0.951117 0.735694 0.095714 0.226870
3 0.954107 0.655046 0.091724 0.600870
