0 0.874238 0.869063 0.148430 0.208375
0 0.708430 0.441833 0.098359 0.130889
0 0.724039 0.301000 0.084812 0.121472
0 0.889844 0.231368 0.075984 0.114125
0 0.433070 0.146549 0.044766 0.097375
0 0.327934 0.232937 0.039461 0.094236
0 0.309379 0.167493 0.058898 0.114125
0 0.175676 0.040264 0.057727 0.079583
0 0.127379 0.530847 0.115445 0.158111
1 0.960383 0.066396 0.079234 0.071319
2 0.377703 0.285576 0.204969 0.571153
2 0.731109 0.236889 0.281547 0.473778
2 0.973637 0.315611 0.052727 0.077583
3 0.491602 0.432361 0.983203 0.644083
3 0.950371 0.045792 0.099258 0.091583
