0 0.794995 0.377194 0.048635 0.067667
2 0.321310 0.290727 0.115599 0.502509
2 0.481674 0.328319 0.105745 0.439898
0 0.453125 0.694236 0.048635 0.067676
0 0.500354 0.686718 0.048635 0.067676
0 0.525729 0.710528 0.048635 0.067667
0 0.498237 0.730574 0.048641 0.067667
0 0.735081 0.835843 0.048641 0.067667
0 0.757635 0.463657 0.048635 0.067667
0 0.771734 0.446116 0.048635 0.067676
0 0.818255 0.461153 0.048635 0.067676
0 0.716047 0.353384 0.048635 0.067676
0 0.205708 0.383458 0.048635 0.067676
3 0.507424 0.761866 0.590693 0.328324
