0 0.371701 0.522171 0.024839 0.029972
0 0.321802 0.485505 0.018188 0.021287
3 0.771034 0.522204 0.294443 0.024037
3 0.405094 0.520102 0.277198 0.027037
1 0.450193 0.407421 0.016771 0.064269
1 0.235417 0.397685 0.016771 0.231667
2 0.467445 0.406880 0.037089 0.263722
2 0.392305 0.468796 0.065464 0.127278
2 0.264768 0.410037 0.059328 0.264296
0 0.961435 0.484319 0.020849 0.025231
0 0.341086 0.486296 0.019495 0.018148
0 0.643612 0.487870 0.022182 0.024444
0 0.666232 0.488657 0.023057 0.022870
0 0.801302 0.500486 0.025281 0.024454
2 0.707266 0.401519 0.051010 0.220796
2 0.811284 0.440556 0.048797 0.125389
2 0.903104 0.395213 0.031937 0.255500
