2 0.743173 0.210583 0.074487 0.320861
2 0.901855 0.252576 0.054508 0.289634
2 0.666858 0.250963 0.055122 0.218537
2 0.566632 0.283799 0.031492 0.131356
2 0.489108 0.259576 0.053294 0.156125
2 0.420066 0.255810 0.064190 0.148565
2 0.025487 0.225120 0.030885 0.110898
2 0.105431 0.240192 0.033310 0.104440
2 0.199004 0.251498 0.021805 0.086134
2 0.182047 0.250421 0.021802 0.086139
2 0.144798 0.247192 0.022409 0.079681
0 0.640521 0.380167 0.089635 0.136741
0 0.556880 0.340866 0.044214 0.064602
0 0.728339 0.364553 0.053297 0.073218
1 0.706737 0.259755 0.032099 0.228259
