0 0.055708 0.351963 0.040760 0.053833
0 0.072010 0.456519 0.040760 0.053833
1 0.647294 0.320880 0.032609 0.368630
1 0.471148 0.344171 0.039016 0.367602
1 0.240271 0.504111 0.082688 0.294093
0 0.244378 0.676481 0.057078 0.100370
0 0.708453 0.699806 0.064031 0.091130
0 0.340453 0.413042 0.040760 0.053824
3 0.423620 0.803843 0.847240 0.392315
3 0.069583 0.484481 0.139167 0.132519
2 0.670029 0.332833 0.097245 0.381000
2 0.562607 0.380417 0.195630 0.567315
2 0.195742 0.481898 0.171214 0.714315
2 0.506107 0.363333 0.097839 0.537222
2 0.410919 0.403722 0.146182 0.520704
2 0.779500 0.418731 0.121708 0.577648
