0 0.364828 0.580292 0.026938 0.043417
0 0.478586 0.363236 0.024422 0.043417
0 0.513477 0.324472 0.022672 0.040333
0 0.589867 0.308194 0.023547 0.044944
0 0.472523 0.693458 0.024328 0.046528
0 0.532227 0.560125 0.023547 0.040306
0 0.609008 0.524472 0.025203 0.046500
0 0.503008 0.706653 0.024422 0.041861
0 0.472086 0.802764 0.025203 0.048083
0 0.505234 0.780278 0.026938 0.049611
0 0.475586 0.924472 0.026953 0.052722
0 0.630766 0.793472 0.028781 0.051167
0 0.914203 0.725250 0.028781 0.051167
0 0.983961 0.525250 0.023547 0.044944
0 0.993945 0.291139 0.012109 0.044944
1 0.568500 0.940750 0.104656 0.041833
2 0.499563 0.198111 0.055906 0.128667
2 0.586773 0.115944 0.052422 0.156611
2 0.572773 0.943625 0.069766 0.112750
2 0.569773 0.633778 0.067234 0.103889
2 0.957320 0.859347 0.085359 0.142639
3 0.070109 0.625181 0.140219 0.555194
3 0.493023 0.624389 0.304453 0.544333
3 0.922914 0.612069 0.154172 0.531806
