2 0.649934 0.799708 0.336367 0.362889
1 0.435207 0.673111 0.102398 0.135944
1 0.272238 0.467438 0.069148 0.332153
0 0.495980 0.553778 0.076461 0.138417
0 0.636273 0.456201 0.081781 0.141847
0 0.119648 0.685576 0.089766 0.153542
0 0.637813 0.454479 0.081281 0.141986
0 0.496102 0.556889 0.079156 0.135694
0 0.121141 0.684424 0.086937 0.147014
2 0.279113 0.734062 0.190836 0.381986
2 0.647711 0.796889 0.337141 0.364389
3 0.500000 0.500000 1.000000 1.000000
3 0.501297 0.498757 0.996672 0.995264
2 0.282578 0.739424 0.182781 0.377069
