3 0.496055 0.612597 0.450109 0.197194
2 0.722086 0.373069 0.069703 0.376083
2 0.497039 0.274028 0.073141 0.338556
2 0.434211 0.264431 0.068234 0.368250
2 0.147406 0.834514 0.090125 0.329861
2 0.953172 0.864889 0.088937 0.267000
1 0.170672 0.923278 0.018844 0.153444
1 0.925188 0.937944 0.018844 0.124111
1 0.716977 0.483208 0.020609 0.259694
1 0.425125 0.316194 0.018844 0.269111
0 0.053172 0.357028 0.034750 0.047111
0 0.073781 0.391056 0.032406 0.050278
0 0.932547 0.366972 0.041812 0.054444
0 0.764094 0.690542 0.038281 0.060750
0 0.594758 0.608861 0.037703 0.054444
0 0.473422 0.770639 0.042406 0.061778
0 0.267570 0.353375 0.025328 0.037694
0 0.266094 0.371167 0.028281 0.033500
0 0.256375 0.381111 0.022969 0.034556
0 0.255195 0.393681 0.032391 0.036639
0 0.257258 0.410958 0.032984 0.039806
1 0.478430 0.352833 0.025328 0.187444
