0 0.517987 0.914802 0.041845 0.054131
0 0.509658 0.862991 0.041845 0.054139
0 0.487000 0.815985 0.041845 0.054139
0 0.482861 0.577517 0.041839 0.054139
0 0.658742 0.567810 0.041845 0.054139
0 0.641503 0.498804 0.041845 0.054131
0 0.498574 0.460469 0.041845 0.054139
0 0.528613 0.429793 0.041845 0.054131
0 0.464239 0.426725 0.041845 0.054139
0 0.640845 0.175176 0.041845 0.054139
0 0.501974 0.018623 0.041845 0.037246
2 0.453252 0.943313 0.088723 0.113373
2 0.606890 0.929746 0.092155 0.140508
2 0.382665 0.338606 0.127445 0.140516
2 0.600523 0.290288 0.081665 0.267668
3 0.514974 0.661347 0.508129 0.667255
