0 0.485307 0.440889 0.051458 0.091426
0 0.518437 0.341889 0.051458 0.091426
0 0.497995 0.583745 0.051458 0.091435
0 0.474029 0.637630 0.051464 0.091426
0 0.457815 0.546153 0.051464 0.091435
0 0.788409 0.232866 0.051464 0.091435
0 0.853258 0.950912 0.051464 0.091435
0 0.261154 0.645148 0.051464 0.091426
0 0.360542 0.637630 0.051458 0.091426
0 0.139208 0.549912 0.051458 0.091435
0 0.213924 0.663944 0.051464 0.091426
2 0.121922 0.390181 0.165646 0.236843
2 0.202286 0.879486 0.133948 0.236843
2 0.431031 0.804907 0.133948 0.172963
2 0.592815 0.578736 0.116349 0.236843
