0 0.631566 0.732938 0.073039 0.097375
0 0.583559 0.839222 0.086586 0.111000
0 0.420113 0.707812 0.070680 0.095292
0 0.390957 0.625083 0.055961 0.078528
0 0.652766 0.474306 0.038875 0.061778
0 0.841547 0.484243 0.044172 0.060736
0 0.164191 0.276917 0.035930 0.023028
1 0.464879 0.653306 0.040055 0.128889
1 0.985121 0.607806 0.029758 0.033500
1 0.332645 0.286340 0.025320 0.121458
2 0.306730 0.515604 0.257398 0.393819
2 0.505812 0.496285 0.172578 0.394764
2 0.622730 0.380056 0.128398 0.227222
2 0.733168 0.372201 0.090117 0.274347
2 0.568543 0.283722 0.082461 0.156028
2 0.349137 0.235556 0.071273 0.235611
2 0.220441 0.239743 0.045945 0.160208
2 0.042559 0.235035 0.035336 0.136125
3 0.749805 0.946833 0.500391 0.106333
3 0.048965 0.293146 0.097930 0.032458
3 0.238996 0.287389 0.101898 0.018861
