3 0.500203 0.507535 0.578875 0.984931
2 0.749668 0.547215 0.174648 0.310375
2 0.659582 0.179014 0.103195 0.277750
3 0.501680 0.508493 0.576859 0.983014
2 0.750219 0.549542 0.173937 0.313611
2 0.658066 0.177910 0.107711 0.282403
2 0.407133 0.104944 0.172344 0.209889
1 0.689980 0.682236 0.072602 0.065250
0 0.620164 0.585778 0.047875 0.082278
0 0.552746 0.413438 0.045477 0.083681
0 0.413121 0.619826 0.043883 0.079431
0 0.551797 0.410250 0.043109 0.081667
0 0.618590 0.584910 0.049477 0.084181
0 0.411496 0.616326 0.045242 0.081681
0 0.747934 0.488785 0.046648 0.080431
1 0.694926 0.682917 0.076336 0.064083
2 0.406566 0.104917 0.171086 0.209833
3 0.953836 0.510146 0.092328 0.753931
