0 0.845659 0.561182 0.054703 0.049842
0 0.084766 0.538872 0.054703 0.049850
0 0.749444 0.566386 0.058638 0.051341
0 0.925428 0.554854 0.054703 0.052090
0 0.119357 0.551903 0.054703 0.049850
0 0.187408 0.546299 0.054703 0.058793
0 0.038173 0.550404 0.059694 0.055062
0 0.146131 0.541103 0.054697 0.049850
0 0.864894 0.552261 0.047464 0.049850
0 0.885259 0.542594 0.030106 0.043888
0 0.927102 0.526245 0.054703 0.042431
3 0.492370 0.653018 0.820344 0.085121
2 0.073176 0.352331 0.095759 0.464446
2 0.379254 0.394808 0.104079 0.558809
2 0.783186 0.342065 0.095753 0.479234
2 0.973841 0.329134 0.052317 0.416303
2 0.687420 0.345754 0.129094 0.453372
