1 0.672159 0.461019 0.046443 0.255926
2 0.938029 0.425569 0.077078 0.191102
1 0.978258 0.471241 0.030422 0.114185
0 0.906253 0.500991 0.033807 0.047481
3 0.267589 0.503528 0.367427 0.039481
3 0.653586 0.574231 0.687411 0.111259
2 0.636635 0.428000 0.232656 0.255926
2 0.089362 0.317787 0.082661 0.425167
0 0.014729 0.504778 0.029458 0.061093
1 0.091221 0.296324 0.031578 0.096593
0 0.563211 0.484935 0.022401 0.028963
0 0.518620 0.478852 0.014219 0.023519
0 0.497018 0.483907 0.020786 0.029926
0 0.529651 0.536222 0.059583 0.083500
