0 0.371304 0.482294 0.014489 0.015093
0 0.394208 0.481599 0.014489 0.016229
0 0.425773 0.477058 0.014489 0.016237
0 0.409946 0.474613 0.014489 0.016229
0 0.401285 0.469411 0.014489 0.015084
0 0.385795 0.469491 0.014495 0.012719
0 0.378466 0.476170 0.014495 0.016229
0 0.585451 0.492273 0.014489 0.016229
0 0.605347 0.486566 0.014495 0.016229
0 0.601761 0.468519 0.014495 0.016229
0 0.605982 0.477294 0.012759 0.009099
0 0.587257 0.485311 0.013365 0.011869
0 0.594012 0.481856 0.012759 0.013561
0 0.700189 0.464554 0.010922 0.006633
0 0.701105 0.470101 0.010922 0.006633
0 0.702380 0.473493 0.010922 0.006633
0 0.705271 0.476423 0.010922 0.006633
0 0.705966 0.479512 0.010922 0.006633
0 0.708046 0.482593 0.010928 0.006633
0 0.711067 0.490526 0.012336 0.007113
0 0.716499 0.498864 0.016496 0.013889
0 0.564492 0.474411 0.006749 0.011279
0 0.564034 0.465168 0.006755 0.011279
0 0.904729 0.461637 0.014356 0.009234
0 0.907090 0.467559 0.014356 0.009242
0 0.907961 0.470774 0.014356 0.009242
0 0.912778 0.476170 0.014356 0.009242
0 0.916635 0.480665 0.014356 0.009242
0 0.919141 0.485295 0.014356 0.009242
0 0.921648 0.489663 0.014356 0.009242
0 0.925309 0.496279 0.014356 0.015522
0 0.279684 0.501069 0.008485 0.014933
0 0.060319 0.467803 0.010549 0.005640
0 0.059410 0.470290 0.010549 0.005648
0 0.056468 0.474040 0.010549 0.005640
0 0.053722 0.478502 0.010549 0.005640
0 0.051379 0.483232 0.010549 0.005640
0 0.048633 0.487870 0.010549 0.005640
0 0.044138 0.493514 0.010549 0.005648
0 0.040543 0.503742 0.015126 0.012887
3 0.131824 0.565480 0.217614 0.068754
3 0.492279 0.561347 0.217614 0.068754
3 0.854283 0.555850 0.217620 0.068754
1 0.337721 0.968826 0.010442 0.062348
2 0.461525 0.472003 0.023138 0.139074
2 0.572920 0.435173 0.028681 0.139082
2 0.648788 0.428354 0.023144 0.139082
2 0.644220 0.442740 0.024564 0.125631
2 0.628160 0.438594 0.021218 0.118603
2 0.359227 0.947866 0.068037 0.104268
2 0.428469 0.942088 0.068037 0.115825
