0 0.411672 0.645470 0.036146 0.048190
0 0.523618 0.665106 0.037148 0.055333
0 0.549221 0.634762 0.034135 0.055329
0 0.516090 0.827532 0.058232 0.101741
0 0.574322 0.914100 0.068273 0.114236
0 0.920206 0.674921 0.033130 0.064259
2 0.440286 0.502678 0.071286 0.315931
2 0.569302 0.492859 0.080323 0.346273
2 0.709865 0.484829 0.054219 0.255241
2 0.775125 0.466088 0.052208 0.242750
2 0.827836 0.631303 0.175703 0.737394
2 0.956337 0.561572 0.087326 0.430181
3 0.503038 0.854417 0.901607 0.291167
3 0.878025 0.750958 0.243951 0.316287
2 0.066095 0.440507 0.027258 0.080745
