0 0.820566 0.604178 0.058648 0.081292
0 0.792236 0.818889 0.077534 0.121935
0 0.914503 0.838329 0.071573 0.111333
0 0.811620 0.579440 0.050698 0.070685
0 0.895616 0.578556 0.045727 0.072454
0 0.925438 0.588275 0.055667 0.088356
0 0.588460 0.530840 0.043737 0.065384
0 0.478618 0.745553 0.064612 0.095431
0 0.315099 0.699604 0.057656 0.091894
2 0.496014 0.566185 0.188867 0.295120
2 0.694820 0.370028 0.109344 0.510713
2 0.463708 0.343521 0.102385 0.485977
2 0.959234 0.476060 0.061630 0.694500
3 0.301685 0.718162 0.603370 0.210296
3 0.792236 0.877194 0.395628 0.245611
0 0.304694 0.508528 0.043622 0.063917
0 0.346879 0.506824 0.040747 0.062213
0 0.397214 0.498301 0.034995 0.060509
0 0.419746 0.505972 0.041706 0.058806
0 0.117737 0.451002 0.035953 0.054542
0 0.077469 0.456116 0.035953 0.054546
0 0.029531 0.554120 0.046500 0.066472
0 0.012490 0.571164 0.024979 0.073292
0 0.025698 0.456970 0.036911 0.051134
0 0.052542 0.451428 0.037870 0.055394
