3 0.189207 0.526847 0.378414 0.174611
2 0.822430 0.272236 0.112500 0.391639
2 0.662055 0.448833 0.190688 0.617167
2 0.472160 0.455917 0.106117 0.574611
1 0.760992 0.368688 0.152391 0.051208
0 0.601418 0.569403 0.045477 0.063972
0 0.701551 0.567271 0.030320 0.068236
0 0.545168 0.543229 0.043086 0.059569
0 0.582266 0.670104 0.051859 0.075319
2 0.664531 0.450451 0.200734 0.624514
2 0.472988 0.452340 0.108852 0.572986
2 0.819676 0.275799 0.106727 0.393292
0 0.517520 0.396431 0.031102 0.041472
0 0.702348 0.566056 0.027570 0.069111
0 0.602332 0.571715 0.049477 0.067847
0 0.544730 0.542188 0.043117 0.054042
0 0.580777 0.667840 0.053008 0.076653
3 0.189137 0.534021 0.378273 0.193514
3 0.719531 0.591826 0.560937 0.216125
3 0.718727 0.595639 0.562547 0.218583
