2 0.447315 0.380410 0.157630 0.307005
2 0.382053 0.261713 0.101404 0.455157
1 0.347415 0.304551 0.054216 0.369481
2 0.867495 0.337572 0.060240 0.321282
2 0.951820 0.335789 0.096359 0.339134
1 0.925715 0.341141 0.148570 0.089245
0 0.096410 0.430389 0.042169 0.057120
0 0.139559 0.432174 0.042169 0.057116
0 0.175702 0.433958 0.042169 0.057120
0 0.209840 0.432174 0.042169 0.057116
0 0.238956 0.430389 0.042167 0.057120
0 0.266064 0.435743 0.042169 0.057116
0 0.608961 0.496431 0.077307 0.117806
0 0.744503 0.523204 0.101406 0.135657
3 0.587362 0.717493 0.825276 0.534940
