0 0.371520 0.706236 0.071273 0.094250
0 0.238109 0.300472 0.024734 0.034556
0 0.268734 0.298382 0.021203 0.032458
0 0.383594 0.299431 0.029453 0.047111
0 0.926359 0.584771 0.064203 0.077486
0 0.419816 0.301000 0.026508 0.043972
0 0.187750 0.283201 0.015906 0.033514
0 0.172730 0.288438 0.017664 0.031403
0 0.092922 0.291049 0.017078 0.026181
2 0.505516 0.532944 0.236781 0.455500
2 0.257547 0.559069 0.321594 0.468167
2 0.548223 0.344458 0.093648 0.635611
2 0.727574 0.300479 0.136648 0.478542
2 0.870406 0.439222 0.200844 0.366500
2 0.985121 0.320375 0.029758 0.116222
1 0.982766 0.628701 0.034469 0.077597
1 0.724332 0.314090 0.149023 0.061792
1 0.524953 0.271681 0.038875 0.148694
1 0.439551 0.733410 0.049477 0.148792
1 0.388305 0.703097 0.051828 0.148694
1 0.364156 0.252313 0.017672 0.170681
2 0.346781 0.219326 0.055953 0.226181
2 0.308203 0.210424 0.030625 0.197903
2 0.288469 0.211472 0.043000 0.183250
2 0.369750 0.248646 0.034750 0.115181
2 0.072008 0.226132 0.042406 0.195819
2 0.011855 0.232417 0.023711 0.187444
3 0.075762 0.330319 0.151523 0.037694
3 0.364746 0.308861 0.201445 0.034556
3 0.632152 0.286861 0.091883 0.034556
