0 0.540926 0.531382 0.035930 0.060736
0 0.434906 0.786882 0.045359 0.073292
0 0.465242 0.502590 0.042406 0.055486
0 0.508531 0.477986 0.037109 0.054444
0 0.542691 0.494736 0.039461 0.058639
0 0.507355 0.544993 0.041820 0.060736
0 0.673453 0.337674 0.033578 0.050264
0 0.704672 0.334007 0.028859 0.047125
0 0.734703 0.332958 0.033562 0.051306
0 0.707320 0.310444 0.036516 0.035611
0 0.322703 0.315674 0.032984 0.050264
0 0.293543 0.311486 0.026508 0.048167
0 0.272340 0.314632 0.035930 0.043986
0 0.274109 0.336618 0.034750 0.050264
1 0.353328 0.574840 0.030625 0.124597
1 0.456699 0.246569 0.026508 0.161250
1 0.565664 0.236097 0.020609 0.265972
1 0.067660 0.172222 0.022383 0.207333
1 0.884023 0.509924 0.018844 0.166486
2 0.964980 0.418819 0.070039 0.264917
2 0.890207 0.572750 0.118383 0.526694
2 0.576855 0.195264 0.080695 0.389528
2 0.480539 0.194743 0.080141 0.346597
2 0.456699 0.391069 0.134883 0.175917
2 0.333891 0.588972 0.108375 0.469111
2 0.479672 0.695257 0.184359 0.352875
2 0.104473 0.416729 0.104258 0.459681
2 0.034090 0.187410 0.064789 0.357069
3 0.502938 0.508868 0.480625 0.160208
3 0.024996 0.501021 0.049992 0.094236
