1 0.323223 0.565924 0.020617 0.318319
1 0.263434 0.752833 0.037695 0.200000
0 0.519949 0.934507 0.060664 0.087958
2 0.697531 0.658875 0.192016 0.682250
2 0.554996 0.507806 0.061258 0.317278
2 0.517297 0.496292 0.035344 0.296333
2 0.476359 0.432417 0.028859 0.139278
1 0.459281 0.470639 0.011187 0.064917
2 0.357973 0.433465 0.022977 0.101569
2 0.333527 0.419854 0.023555 0.112042
2 0.635984 0.442368 0.037109 0.146597
2 0.600641 0.441840 0.025328 0.149736
2 0.291707 0.528222 0.061258 0.420944
2 0.196586 0.637410 0.160797 0.725181
2 0.129734 0.529819 0.071859 0.499528
3 0.040422 0.480056 0.080844 0.027222
