0 0.510901 0.705185 0.033185 0.032782
0 0.417700 0.622407 0.028295 0.030465
0 0.510824 0.601339 0.028999 0.027812
0 0.502154 0.561723 0.028999 0.027804
0 0.542064 0.560797 0.028999 0.027812
0 0.506489 0.522847 0.025136 0.026314
0 0.513698 0.498609 0.025136 0.026314
0 0.343362 0.396817 0.022319 0.021025
0 0.678233 0.385620 0.023637 0.024798
0 0.845778 0.430220 0.022319 0.021025
0 0.844864 0.420181 0.018411 0.013316
0 0.837565 0.415724 0.018411 0.013307
0 0.835023 0.410327 0.018404 0.013316
0 0.832939 0.404005 0.018411 0.013316
0 0.831318 0.397373 0.018411 0.013316
0 0.829470 0.393049 0.018411 0.013316
0 0.825885 0.385805 0.018411 0.013316
0 0.206289 0.382963 0.018404 0.013316
0 0.202791 0.390732 0.018411 0.013316
0 0.200126 0.396951 0.018404 0.013316
0 0.196793 0.403170 0.018404 0.013316
0 0.193463 0.409388 0.018411 0.013316
0 0.194461 0.414281 0.018404 0.013316
0 0.190129 0.421387 0.018411 0.013316
0 0.189386 0.435250 0.024587 0.018389
1 0.645003 0.884565 0.023740 0.090181
0 0.648240 0.938932 0.038379 0.039655
2 0.561211 0.443837 0.049735 0.203368
2 0.485788 0.335495 0.049742 0.203376
3 0.063175 0.527024 0.124348 0.102127
3 0.944034 0.518652 0.111932 0.102127
3 0.506744 0.522778 0.326434 0.102127
