2 0.065170 0.435539 0.129842 0.495162
2 0.319809 0.403298 0.156507 0.495170
2 0.909939 0.655336 0.158129 0.643898
2 0.631935 0.248987 0.108183 0.319692
2 0.805067 0.313355 0.084860 0.413031
0 0.069225 0.655608 0.060881 0.057083
0 0.203007 0.557455 0.057533 0.053485
0 0.857470 0.569417 0.040832 0.047909
0 0.829347 0.557609 0.043141 0.049125
3 0.454040 0.664246 0.755759 0.099919
0 0.732485 0.544315 0.057533 0.053493
0 0.794107 0.574554 0.057533 0.053485
0 0.958390 0.957747 0.083220 0.076596
0 0.116373 0.543185 0.049514 0.028525
0 0.054478 0.545417 0.027400 0.052601
0 0.015705 0.567285 0.031409 0.053485
0 0.086923 0.568606 0.052157 0.047261
0 0.146491 0.556576 0.057503 0.053493
