1 0.397616 0.488398 0.120482 0.508704
1 0.296711 0.473225 0.031125 0.214190
2 0.796712 0.504463 0.243977 0.676481
2 0.313780 0.456269 0.065263 0.294509
0 0.199824 0.569613 0.034138 0.042838
0 0.167496 0.567498 0.034138 0.042838
0 0.134152 0.571979 0.034138 0.042838
0 0.097725 0.577461 0.034138 0.042838
0 0.014667 0.591905 0.029333 0.042838
0 0.057378 0.584940 0.042224 0.044843
0 0.454342 0.773093 0.067268 0.103528
0 0.536169 0.781123 0.070281 0.105310
0 0.642595 0.852521 0.082331 0.133866
3 0.576820 0.808009 0.846359 0.383981
3 0.818788 0.605310 0.362424 0.135657
3 0.910154 0.538375 0.179693 0.062472
