0 0.525484 0.707806 0.048635 0.067667
0 0.498333 0.730407 0.048635 0.067667
0 0.714396 0.353167 0.048635 0.067667
0 0.204763 0.395778 0.048641 0.067667
2 0.321336 0.297579 0.115599 0.502509
2 0.473924 0.320782 0.095172 0.439898
3 0.502138 0.766875 0.595630 0.330824
0 0.796867 0.375722 0.048641 0.067667
0 0.820128 0.464694 0.048641 0.067667
0 0.773607 0.448407 0.048641 0.067667
0 0.759508 0.467204 0.048641 0.067667
0 0.732724 0.835625 0.048635 0.067676
0 0.453589 0.694019 0.048635 0.067667
0 0.503635 0.687755 0.048635 0.067676
