0 0.465789 0.612167 0.039484 0.056389
0 0.333297 0.636583 0.039469 0.056389
0 0.338930 0.766917 0.039484 0.056389
0 0.301578 0.461153 0.039469 0.056417
0 0.732258 0.451139 0.039484 0.056389
0 0.730844 0.432333 0.039469 0.056389
0 0.730844 0.413528 0.039469 0.056389
0 0.712523 0.398500 0.039484 0.056389
0 0.640625 0.409778 0.039469 0.056389
0 0.281836 0.442361 0.031641 0.043889
0 0.271258 0.438583 0.031641 0.043889
0 0.274086 0.409778 0.031641 0.043889
0 0.280430 0.390972 0.031641 0.043889
3 0.501031 0.651000 0.427156 0.201778
2 0.064000 0.798875 0.063437 0.394750
2 0.421758 0.468611 0.083891 0.201611
2 0.134883 0.853056 0.106484 0.293889
2 0.415047 0.273139 0.058563 0.211278
1 0.416094 0.558278 0.017625 0.149111
2 0.849617 0.882639 0.094516 0.234722
