0 0.510887 0.754424 0.039461 0.071208
0 0.514125 0.541854 0.036516 0.054458
0 0.549172 0.569604 0.037109 0.057597
0 0.544168 0.606257 0.037695 0.057597
0 0.692301 0.398403 0.035930 0.056556
0 0.723223 0.395785 0.029445 0.042931
0 0.753852 0.390042 0.028266 0.052306
0 0.727051 0.368035 0.035930 0.043986
0 0.307090 0.373792 0.035930 0.055500
0 0.275285 0.369083 0.028867 0.054444
0 0.251430 0.374312 0.042406 0.050264
0 0.436379 0.770653 0.051836 0.065972
0 0.255848 0.398403 0.041820 0.056556
0 0.056469 0.449187 0.032984 0.051319
0 0.021719 0.417771 0.037703 0.059681
1 0.453457 0.312014 0.028273 0.128806
1 0.008465 0.293167 0.015898 0.302611
2 0.009977 0.250236 0.019953 0.392667
2 0.093871 0.436625 0.103070 0.482722
2 0.482910 0.260708 0.084820 0.403139
2 0.600711 0.255465 0.089531 0.421986
2 0.346262 0.559139 0.117805 0.434556
2 0.496750 0.661757 0.229125 0.329847
2 0.483496 0.455472 0.109555 0.185333
2 0.924082 0.649708 0.116602 0.563361
3 0.500285 0.587410 0.525977 0.164403
