3 0.508461 0.606764 0.444703 0.196861
2 0.584742 0.244472 0.081297 0.343444
2 0.643641 0.240806 0.069500 0.338222
2 0.776461 0.392639 0.083047 0.365444
2 0.951406 0.789778 0.097188 0.420444
2 0.949922 0.172500 0.089531 0.345000
1 0.967594 0.209389 0.028281 0.256556
1 0.754672 0.493153 0.019437 0.254472
1 0.911937 0.889250 0.024156 0.221500
1 0.579438 0.286347 0.030625 0.270139
0 0.280813 0.362264 0.034156 0.051306
0 0.272859 0.390014 0.031219 0.052361
0 0.308203 0.516194 0.035937 0.053389
0 0.274633 0.526139 0.033578 0.056556
0 0.352383 0.625625 0.035922 0.058639
0 0.388016 0.610431 0.036531 0.057583
0 0.392141 0.596292 0.035344 0.052361
0 0.647766 0.636097 0.047125 0.052361
0 0.573844 0.769083 0.041812 0.069111
0 0.428656 0.802056 0.040063 0.063889
0 0.344430 0.813569 0.043578 0.063861
0 0.946984 0.392111 0.106031 0.108889
0 0.714320 0.366458 0.063609 0.065972
