0 0.437688 0.425556 0.034125 0.052000
0 0.495512 0.335160 0.034133 0.052014
0 0.491527 0.455688 0.034133 0.052014
0 0.570289 0.416694 0.034125 0.052000
0 0.563309 0.760549 0.034133 0.052014
0 0.577270 0.379472 0.034133 0.052000
0 0.602191 0.329840 0.034133 0.052014
0 0.446660 0.280215 0.034133 0.052014
0 0.448652 0.264264 0.034133 0.052000
0 0.456629 0.219951 0.034133 0.052014
0 0.494516 0.221729 0.034125 0.052014
0 0.657027 0.120694 0.034133 0.052000
0 0.680957 0.118924 0.034133 0.052014
0 0.825523 0.170326 0.034125 0.052014
0 0.830512 0.131326 0.034133 0.052014
0 0.321035 0.127785 0.034133 0.052014
0 0.159520 0.172090 0.034133 0.052014
0 0.176473 0.143736 0.034133 0.052000
0 0.128613 0.166778 0.034133 0.052000
0 0.132602 0.131326 0.034125 0.052014
3 0.503445 0.278375 0.384844 0.127611
3 0.929664 0.273944 0.140578 0.129389
1 0.734254 0.508792 0.074773 0.053167
1 0.403246 0.092215 0.032898 0.184431
2 0.546813 0.650590 0.130609 0.400569
2 0.674934 0.552222 0.101695 0.508694
2 0.392277 0.093104 0.064805 0.186208
2 0.447113 0.091333 0.064805 0.182667
2 0.771641 0.089556 0.053844 0.179111
