1 0.697957 0.511312 0.078992 0.080847
0 0.249602 0.952451 0.052375 0.092986
0 0.598094 0.858833 0.045234 0.079167
0 0.567703 0.452340 0.045234 0.077903
3 0.951363 0.510146 0.097273 0.753931
3 0.503734 0.507535 0.578875 0.984931
2 0.673367 0.148264 0.127937 0.296528
2 0.800594 0.588681 0.159031 0.229944
2 0.344711 0.209201 0.151984 0.280208
3 0.501680 0.507076 0.576859 0.985847
2 0.801281 0.588549 0.151594 0.232764
2 0.674820 0.148917 0.131656 0.297833
2 0.341707 0.208403 0.156383 0.283833
0 0.597824 0.858826 0.046273 0.078014
0 0.250750 0.951736 0.049469 0.082278
0 0.567508 0.452444 0.046281 0.085111
