0 0.488465 0.726410 0.063320 0.088125
0 0.422938 0.622569 0.050062 0.077667
0 0.525523 0.636965 0.055953 0.076792
0 0.571906 0.958528 0.095719 0.075917
0 0.648723 0.934521 0.092273 0.127403
0 0.760145 0.973354 0.083445 0.049736
0 0.960324 0.963319 0.079352 0.071556
0 0.876961 0.592896 0.057922 0.070681
0 0.688973 0.434090 0.030430 0.042764
0 0.369680 0.624319 0.025031 0.056722
1 0.637191 0.398750 0.023070 0.171028
1 0.618293 0.453285 0.026508 0.049736
3 0.638578 0.873875 0.722844 0.248694
2 0.553273 0.486840 0.170719 0.366486
2 0.949582 0.326229 0.100836 0.575431
2 0.347516 0.499118 0.236844 0.384042
2 0.287812 0.300785 0.048359 0.296486
2 0.490113 0.342021 0.074008 0.207014
2 0.649984 0.362278 0.079937 0.243694
2 0.572516 0.306229 0.082891 0.096486
2 0.814289 0.304382 0.075000 0.120875
