0 0.424824 0.828750 0.077742 0.100528
3 0.804145 0.442889 0.270945 0.057583
3 0.188047 0.478486 0.240313 0.055500
1 0.266383 0.462785 0.027094 0.080625
2 0.232219 0.332417 0.096594 0.351833
2 0.299957 0.313569 0.080102 0.305750
2 0.347664 0.287917 0.071859 0.262833
2 0.687813 0.295764 0.052422 0.303667
2 0.653359 0.300479 0.065969 0.292153
2 0.721094 0.320903 0.063609 0.379056
2 0.759379 0.319854 0.089523 0.397903
2 0.826527 0.381632 0.146070 0.525653
2 0.580617 0.576924 0.193781 0.650264
2 0.335293 0.640792 0.303930 0.480639
2 0.024520 0.463833 0.049039 0.200000
1 0.021867 0.559118 0.043734 0.042931
1 0.779109 0.353361 0.027688 0.255500
1 0.884543 0.357500 0.041820 0.374972
1 0.418348 0.816660 0.058898 0.166597
0 0.039910 0.449174 0.022977 0.032458
0 0.065531 0.445507 0.027094 0.035597
0 0.750250 0.435556 0.020609 0.047111
0 0.799723 0.431368 0.035930 0.059681
0 0.474598 0.417750 0.024148 0.045028
0 0.501691 0.416187 0.030039 0.043986
