1 0.446352 0.948063 0.036031 0.103875
0 0.727043 0.789375 0.041227 0.072250
0 0.517652 0.846444 0.039461 0.073306
0 0.499098 0.755875 0.038867 0.065972
0 0.448441 0.696187 0.041227 0.070153
0 0.431949 0.508222 0.043586 0.069111
0 0.482605 0.459535 0.038867 0.068069
0 0.496449 0.329708 0.039461 0.068083
0 0.567715 0.346972 0.039461 0.071194
2 0.554465 0.971389 0.028273 0.057222
2 0.659309 0.911181 0.117805 0.177639
2 0.395727 0.313986 0.110141 0.220944
2 0.246121 0.298285 0.138414 0.287958
3 0.506168 0.595472 0.505367 0.809056
3 0.993102 0.593569 0.013797 0.252361
