0 0.520578 0.322125 0.027687 0.036639
0 0.509977 0.339931 0.028859 0.034556
0 0.459027 0.336264 0.037695 0.054444
0 0.503793 0.401701 0.034164 0.042931
0 0.562695 0.853014 0.044766 0.065972
0 0.351828 0.282333 0.030625 0.038750
0 0.168945 0.222125 0.027687 0.035611
0 0.147148 0.204847 0.031219 0.036639
0 0.179840 0.195944 0.028273 0.035611
0 0.163641 0.182854 0.025328 0.036653
0 0.172477 0.177097 0.022969 0.046083
0 0.211941 0.183910 0.037102 0.053403
1 0.653695 0.654583 0.015906 0.020944
1 0.799770 0.374479 0.021789 0.223042
1 0.579773 0.073889 0.015313 0.147778
2 0.667832 0.680764 0.101898 0.454444
2 0.518227 0.756160 0.154906 0.366486
2 0.825387 0.318979 0.070680 0.325653
2 0.555629 0.205896 0.076570 0.147653
2 0.516148 0.122583 0.060109 0.245167
2 0.564168 0.082792 0.054773 0.165583
2 0.212234 0.409556 0.110734 0.383250
2 0.037203 0.556153 0.074406 0.443972
2 0.040836 0.517938 0.069500 0.436653
2 0.073820 0.150326 0.063609 0.300653
2 0.024836 0.135667 0.049672 0.271333
3 0.502320 0.322646 0.356344 0.115181
3 0.932133 0.318979 0.135734 0.112042
3 0.081086 0.316361 0.162172 0.117278
0 0.564324 0.852931 0.046055 0.068361
0 0.504977 0.401924 0.032687 0.043097
0 0.456914 0.335062 0.030172 0.052014
0 0.353266 0.283792 0.030172 0.044583
0 0.509992 0.341007 0.029344 0.043097
0 0.543430 0.295681 0.029344 0.038639
0 0.509199 0.286021 0.027586 0.037153
1 0.567250 0.262986 0.023484 0.095111
0 0.379594 0.172340 0.027672 0.044569
2 0.206566 0.410097 0.106242 0.386361
2 0.521695 0.755604 0.146359 0.361097
2 0.665883 0.685014 0.107078 0.466611
2 0.827672 0.251847 0.071047 0.194667
2 0.555129 0.205778 0.072805 0.141167
3 0.931973 0.321681 0.136055 0.111444
3 0.080945 0.312771 0.161891 0.117403
3 0.499586 0.323910 0.356094 0.118875
2 0.036883 0.537903 0.072813 0.475528
2 0.024105 0.132979 0.048211 0.265958
2 0.077840 0.150069 0.062773 0.300139
0 0.353723 0.173083 0.030930 0.043083
0 0.659617 0.175313 0.027672 0.044569
0 0.632074 0.171597 0.029258 0.043083
0 0.168117 0.223604 0.027672 0.037153
0 0.211164 0.187938 0.023484 0.037153
0 0.146426 0.205028 0.029258 0.041611
1 0.799672 0.368493 0.021734 0.211014
0 0.350949 0.175007 0.024148 0.039792
0 0.378043 0.173437 0.024148 0.032458
0 0.630723 0.170819 0.027680 0.041889
0 0.659293 0.175007 0.025914 0.046069
0 0.494074 0.279194 0.026508 0.038750
0 0.509684 0.288618 0.029445 0.038736
0 0.541195 0.292806 0.028859 0.038750
