3 0.502480 0.091382 0.241758 0.083819
3 0.872715 0.089257 0.254570 0.073903
2 0.491309 0.722660 0.120477 0.364542
2 0.632930 0.685708 0.087766 0.418583
2 0.301016 0.152375 0.071813 0.268222
3 0.143039 0.087132 0.253719 0.078153
0 0.543570 0.841806 0.041484 0.063833
0 0.502082 0.149604 0.022336 0.035458
0 0.471363 0.103507 0.023133 0.034042
0 0.397559 0.064507 0.020742 0.032625
0 0.543609 0.840139 0.039469 0.061778
0 0.502086 0.146944 0.021203 0.034556
0 0.467922 0.100868 0.021203 0.024097
0 0.398328 0.067868 0.019313 0.027292
0 0.506816 0.105868 0.020961 0.029708
0 0.514422 0.091993 0.016719 0.026292
0 0.528531 0.072389 0.020547 0.028972
0 0.505719 0.068604 0.019875 0.028764
0 0.495039 0.065312 0.015750 0.021208
1 0.142734 0.079194 0.015312 0.038750
1 0.706414 0.161910 0.021203 0.239792
2 0.631312 0.684431 0.088938 0.417806
2 0.493484 0.718979 0.121922 0.352875
2 0.185438 0.252493 0.044172 0.307847
2 0.181902 0.223174 0.042992 0.305764
2 0.176305 0.059750 0.038875 0.119500
2 0.132719 0.058708 0.047125 0.117417
2 0.054973 0.063417 0.040055 0.126833
0 0.079121 0.014201 0.035336 0.028403
0 0.257000 0.012701 0.017672 0.025125
0 0.272609 0.025264 0.019437 0.025139
0 0.300293 0.009493 0.020617 0.018986
0 0.276438 0.011062 0.025922 0.022125
2 0.537660 0.028861 0.050070 0.057722
2 0.502910 0.018389 0.033570 0.036778
2 0.301473 0.149875 0.074805 0.270167
3 0.501145 0.094375 0.249148 0.083778
3 0.870875 0.088097 0.258250 0.085861
3 0.138609 0.088618 0.256812 0.076431
0 0.506867 0.106986 0.022344 0.032778
0 0.527613 0.073646 0.022336 0.031347
0 0.501281 0.068049 0.035109 0.039708
0 0.255938 0.012750 0.021547 0.025500
0 0.272293 0.023299 0.019148 0.029931
1 0.504078 0.726132 0.039094 0.181708
1 0.635727 0.674361 0.126859 0.069639
