3 0.801680 0.520465 0.326328 0.122125
0 0.570301 0.705639 0.042289 0.063833
0 0.689582 0.504861 0.031914 0.045528
0 0.750219 0.508403 0.027125 0.041278
0 0.654875 0.491382 0.021547 0.035597
0 0.971629 0.414792 0.026336 0.044111
2 0.499688 0.514076 0.114891 0.512208
2 0.606602 0.542444 0.148406 0.637028
2 0.743836 0.430389 0.067016 0.140556
2 0.798887 0.324007 0.057445 0.254042
3 0.352879 0.470889 0.201070 0.090778
3 0.394887 0.471187 0.298977 0.098014
3 0.800207 0.516424 0.326617 0.125653
2 0.500906 0.518944 0.119453 0.512667
2 0.609754 0.542813 0.157617 0.638319
2 0.800594 0.324181 0.043109 0.251306
2 0.743695 0.429722 0.062203 0.123139
0 0.654992 0.488153 0.026156 0.041472
0 0.695277 0.397056 0.040289 0.047750
0 0.971992 0.412764 0.032516 0.046500
0 0.751820 0.508264 0.033219 0.043972
0 0.689273 0.502604 0.032516 0.040208
0 0.569820 0.705535 0.043828 0.071625
