0 0.437055 0.576562 0.042281 0.055319
0 0.436668 0.578562 0.043195 0.061069
0 0.527715 0.580306 0.044664 0.057583
0 0.584410 0.606486 0.049086 0.068056
0 0.702207 0.595576 0.021602 0.049736
0 0.940512 0.417569 0.044664 0.065444
0 0.532379 0.402729 0.059883 0.070681
2 0.469305 0.442833 0.094734 0.470417
2 0.455805 0.418833 0.136453 0.375306
2 0.677422 0.444181 0.191922 0.593361
2 0.801113 0.309368 0.074117 0.402264
3 0.653863 0.631354 0.573789 0.234736
3 0.150844 0.574639 0.301687 0.194583
0 0.583863 0.607764 0.045477 0.063833
0 0.529207 0.575854 0.043086 0.056736
0 0.703941 0.593507 0.020742 0.058292
1 0.765379 0.375069 0.143617 0.046944
2 0.674020 0.446701 0.192289 0.587375
2 0.469766 0.441736 0.086969 0.469639
2 0.803676 0.314785 0.059039 0.414319
3 0.151707 0.571521 0.303414 0.190208
3 0.654074 0.633229 0.568883 0.234181
0 0.533199 0.421167 0.033508 0.042694
0 0.940910 0.429681 0.035102 0.051194
