0 0.600621 0.697611 0.057914 0.084639
0 0.492883 0.825014 0.072156 0.105583
0 0.392262 0.745174 0.064305 0.095986
0 0.387844 0.696743 0.051531 0.079403
0 0.205742 0.587229 0.040734 0.054097
2 0.619516 0.414889 0.134000 0.548861
2 0.462937 0.435833 0.093750 0.529667
2 0.425637 0.350319 0.050555 0.273111
2 0.328449 0.358174 0.051539 0.213792
2 0.363301 0.367333 0.055461 0.272250
2 0.038449 0.421875 0.076898 0.407500
3 0.566016 0.819778 0.837859 0.356889
3 0.961141 0.441944 0.063312 0.065444
3 0.881625 0.548403 0.225297 0.135250
1 0.967195 0.919271 0.065609 0.161458
