1 0.731762 0.175569 0.027914 0.184333
0 0.815508 0.720597 0.031906 0.054944
0 0.776125 0.949250 0.026922 0.054944
0 0.812516 0.952792 0.029906 0.062028
0 0.774629 0.405104 0.027914 0.051403
0 0.815508 0.636410 0.027922 0.053181
0 0.697363 0.419285 0.032898 0.054958
0 0.806582 0.127778 0.032898 0.054944
0 0.775672 0.092333 0.032906 0.054944
0 0.774676 0.058653 0.032898 0.054944
0 0.728813 0.154375 0.032906 0.054944
2 0.720293 0.281917 0.062805 0.148889
2 0.241230 0.527521 0.478570 0.944958
3 0.768648 0.729583 0.327016 0.540833
