0 0.432262 0.825014 0.043195 0.068944
0 0.503191 0.193687 0.029945 0.041875
0 0.525031 0.185403 0.024547 0.044500
0 0.527484 0.159653 0.022578 0.031417
0 0.506383 0.145257 0.027484 0.041014
0 0.475949 0.170125 0.027492 0.043639
0 0.502945 0.273535 0.028469 0.041014
0 0.618047 0.051896 0.021109 0.030542
0 0.636453 0.051889 0.017672 0.027056
0 0.656578 0.047528 0.021594 0.034028
0 0.641117 0.031382 0.020125 0.027931
0 0.379254 0.041417 0.023555 0.034028
0 0.347840 0.052326 0.018648 0.033153
0 0.345879 0.040542 0.020617 0.035778
0 0.361094 0.034875 0.022578 0.033167
0 0.184145 0.103375 0.029945 0.039278
0 0.015055 0.070653 0.028469 0.038389
0 0.950344 0.071090 0.027000 0.041014
0 0.764316 0.036618 0.019148 0.038403
0 0.788859 0.028764 0.024047 0.027917
0 0.791309 0.073701 0.023070 0.039264
1 0.315691 0.614278 0.108477 0.059333
1 0.756461 0.227722 0.015219 0.232111
1 0.260965 0.062361 0.019633 0.065444
1 0.066187 0.179028 0.019437 0.105750
1 0.029965 0.038465 0.012961 0.076931
2 0.012625 0.323528 0.025250 0.338222
2 0.096816 0.157840 0.074805 0.315681
2 0.146590 0.068833 0.058898 0.137667
2 0.236410 0.086111 0.057133 0.172222
2 0.320934 0.652854 0.101305 0.462819
2 0.478785 0.749187 0.183773 0.360208
2 0.760922 0.204687 0.084812 0.349736
2 0.814223 0.090549 0.051242 0.148681
2 0.865762 0.066215 0.055367 0.132431
2 0.960594 0.045271 0.053016 0.090542
2 0.553887 0.047889 0.059492 0.095778
2 0.475254 0.077458 0.088352 0.126694
2 0.490863 0.049465 0.045352 0.098931
3 0.499695 0.169083 0.324547 0.102611
3 0.911973 0.163847 0.176055 0.104722
3 0.100387 0.166465 0.200773 0.107847
