0 0.396598 0.075528 0.022383 0.027222
0 0.555137 0.858833 0.045477 0.066667
0 0.502879 0.270889 0.030320 0.039722
0 0.464137 0.215590 0.025977 0.037625
0 0.374680 0.171132 0.024687 0.036486
0 0.508066 0.218437 0.025336 0.036486
0 0.536121 0.180819 0.024367 0.034194
0 0.507750 0.174264 0.022766 0.031361
0 0.493637 0.165146 0.017633 0.030208
0 0.516086 0.202194 0.021484 0.030222
0 0.217199 0.115965 0.021648 0.031375
0 0.197418 0.103139 0.021773 0.030917
0 0.253988 0.090764 0.020492 0.028639
0 0.224023 0.091111 0.023453 0.028417
0 0.395352 0.076424 0.022187 0.030708
0 0.371949 0.075444 0.022570 0.028194
1 0.655059 0.665694 0.120367 0.059444
1 0.558473 0.150792 0.025992 0.090639
2 0.503309 0.203549 0.310195 0.104014
2 0.106438 0.197604 0.212875 0.101042
2 0.900211 0.199833 0.199578 0.099556
2 0.060863 0.092736 0.064789 0.185472
2 0.123297 0.117868 0.058906 0.235736
2 0.111516 0.362958 0.057719 0.354972
2 0.108863 0.402757 0.065383 0.384292
2 0.254645 0.276056 0.081289 0.323556
2 0.542668 0.033576 0.041227 0.067153
2 0.506738 0.066035 0.045945 0.132069
2 0.544141 0.100660 0.060672 0.119375
2 0.773855 0.200660 0.063023 0.283764
2 0.505855 0.766104 0.160805 0.354986
2 0.653398 0.700653 0.087172 0.469111
3 0.106707 0.198042 0.213414 0.096333
3 0.498199 0.203806 0.305695 0.093194
3 0.900914 0.201708 0.198172 0.099472
1 0.147148 0.062437 0.015906 0.078542
1 0.088840 0.311132 0.018258 0.064931
1 0.758535 0.298562 0.030039 0.297375
1 0.653992 0.667153 0.120156 0.041889
0 0.555629 0.858778 0.043586 0.064917
0 0.372152 0.169243 0.026508 0.036653
0 0.502910 0.271340 0.026508 0.043986
0 0.464918 0.211132 0.028273 0.040847
0 0.507328 0.219507 0.025922 0.034542
0 0.515574 0.201708 0.022383 0.038750
0 0.535602 0.179194 0.027094 0.035611
0 0.509680 0.173437 0.027094 0.032458
0 0.494367 0.164535 0.024734 0.033514
0 0.637496 0.075528 0.025914 0.039778
0 0.612172 0.078674 0.024734 0.039792
0 0.373328 0.077097 0.020609 0.032472
0 0.253465 0.082854 0.031805 0.043986
0 0.215477 0.078146 0.031219 0.032458
0 0.224605 0.092285 0.023555 0.029319
0 0.216652 0.119507 0.026508 0.031403
0 0.197215 0.101187 0.021789 0.026181
3 0.505812 0.763778 0.161406 0.359611
3 0.113785 0.392264 0.057758 0.419056
3 0.067391 0.092854 0.045219 0.185708
3 0.123398 0.107715 0.053578 0.215431
3 0.251707 0.279333 0.089523 0.326917
3 0.545516 0.101007 0.065281 0.124819
3 0.652090 0.700618 0.087852 0.479986
