0 0.518363 0.610924 0.050180 0.077903
3 0.301711 0.898347 0.603422 0.200833
2 0.742023 0.350410 0.113766 0.466903
2 0.536207 0.345750 0.118352 0.469389
2 0.366656 0.456910 0.151594 0.667847
0 0.448035 0.756049 0.067852 0.099264
0 0.270277 0.716465 0.061492 0.098014
0 0.471012 0.635424 0.053008 0.076653
0 0.595406 0.592701 0.048766 0.074125
0 0.689059 0.588931 0.046648 0.069111
0 0.713090 0.571965 0.038164 0.062819
0 0.738180 0.617833 0.051594 0.081667
0 0.287238 0.963160 0.091180 0.073681
2 0.745250 0.349556 0.115203 0.474972
2 0.530383 0.357097 0.122281 0.464917
2 0.367461 0.464535 0.156906 0.679792
3 0.300707 0.900958 0.601414 0.198083
0 0.270645 0.716903 0.059180 0.086167
0 0.449437 0.753549 0.067156 0.100347
0 0.471773 0.633576 0.050531 0.071042
0 0.519617 0.613479 0.046609 0.068681
0 0.595711 0.591674 0.044547 0.067375
0 0.689496 0.588118 0.044617 0.065014
0 0.712766 0.575000 0.032516 0.065000
0 0.739695 0.618736 0.049266 0.069750
0 0.283277 0.962701 0.084445 0.067375
