0 0.376708 0.424282 0.014240 0.025324
0 0.336453 0.431162 0.024188 0.032009
0 0.364078 0.425236 0.019083 0.026269
0 0.353461 0.422611 0.011286 0.025796
3 0.440599 0.520755 0.741917 0.120231
3 0.140964 0.451981 0.281927 0.034889
2 0.014469 0.427681 0.024604 0.090972
1 0.014786 0.237634 0.029573 0.034898
2 0.827990 0.326736 0.057479 0.285380
2 0.683589 0.381569 0.110750 0.183194
1 0.697224 0.443194 0.031615 0.077389
0 0.959047 0.451894 0.053365 0.037491
0 0.964331 0.475639 0.060984 0.079796
0 0.804859 0.450111 0.037854 0.043611
0 0.630664 0.453222 0.034349 0.054833
0 0.500867 0.429537 0.019620 0.030093
0 0.408823 0.431208 0.022573 0.032491
