0 0.479629 0.642201 0.051539 0.076792
0 0.432266 0.732083 0.063812 0.099472
0 0.380234 0.773965 0.068719 0.099486
0 0.505891 0.770910 0.067734 0.100347
0 0.632035 0.735132 0.065773 0.102097
0 0.709340 0.866465 0.084914 0.116931
0 0.687012 0.665764 0.059883 0.080278
0 0.871074 0.683653 0.037305 0.086389
0 0.220715 0.541417 0.038289 0.056722
0 0.317898 0.601632 0.030437 0.070681
0 0.358391 0.540111 0.019141 0.047111
0 0.575590 0.488625 0.031414 0.047111
0 0.656086 0.438014 0.031406 0.041889
0 0.460977 0.392201 0.021109 0.032292
0 0.431039 0.416201 0.026016 0.033153
1 0.587750 0.409396 0.168453 0.039792
1 0.345086 0.466458 0.087172 0.072250
2 0.168676 0.307826 0.045352 0.228264
2 0.343316 0.424056 0.149602 0.540306
2 0.395445 0.323528 0.067734 0.240833
2 0.478785 0.313590 0.061258 0.239792
2 0.565957 0.384792 0.121336 0.489000
2 0.604539 0.290549 0.061844 0.338208
2 0.813930 0.537667 0.221469 0.620944
3 0.550027 0.792132 0.899945 0.415736
3 0.834812 0.515681 0.330375 0.193722
3 0.941129 0.381125 0.117742 0.079583
3 0.980004 0.313063 0.039992 0.025125
