0 0.566016 0.688014 0.066266 0.096861
0 0.597430 0.790111 0.081969 0.116056
0 0.479875 0.753458 0.074609 0.103833
0 0.403797 0.677979 0.068719 0.099486
0 0.417539 0.637410 0.060859 0.081153
0 0.427355 0.578507 0.055961 0.075042
0 0.252617 0.510875 0.047125 0.075917
2 0.512762 0.170562 0.044180 0.143986
2 0.570680 0.174486 0.033375 0.143111
2 0.677438 0.259132 0.070187 0.417097
2 0.734863 0.249097 0.079023 0.405750
2 0.848266 0.229465 0.055438 0.321125
2 0.940527 0.214632 0.049570 0.380458
2 0.921301 0.500000 0.157398 1.000000
2 0.768734 0.674056 0.282234 0.498250
2 0.583688 0.434090 0.195844 0.452875
2 0.395695 0.462014 0.174250 0.351667
3 0.486012 0.806250 0.824117 0.385694
3 0.108805 0.237319 0.136453 0.022694
3 0.251637 0.232521 0.122711 0.018319
