0 0.809922 0.086938 0.048062 0.067847
0 0.868941 0.225785 0.062898 0.099264
0 0.696836 0.357729 0.072094 0.119375
0 0.726520 0.424951 0.080570 0.120625
2 0.800531 0.088653 0.099141 0.175056
0 0.163234 0.605792 0.095812 0.136056
0 0.191457 0.715667 0.108383 0.171389
2 0.406250 0.190306 0.178922 0.378361
1 0.535906 0.052569 0.063234 0.105139
0 0.867020 0.222222 0.061898 0.085222
0 0.725363 0.426653 0.075133 0.130028
0 0.699105 0.359278 0.070477 0.115833
0 0.611660 0.470187 0.085523 0.133181
0 0.192176 0.716472 0.113086 0.170889
0 0.163195 0.604639 0.098953 0.148278
0 0.611371 0.469271 0.085039 0.139597
3 0.101578 0.052007 0.203156 0.089958
3 0.180668 0.144743 0.361336 0.161931
3 0.499301 0.611646 0.998008 0.771875
3 0.500000 0.613208 1.000000 0.773583
2 0.795789 0.081799 0.093297 0.163597
2 0.423656 0.193625 0.209922 0.387250
0 0.437793 0.174271 0.037461 0.071625
